# generated by scripts/mbm_to_scenes.py from external/vamp/resources/ur5/problems.json
# robot: ur5
# joints: shoulder_pan_joint shoulder_lift_joint elbow_joint wrist_1_joint wrist_2_joint wrist_3_joint
problem bookshelf_tall 25
start 1.57 -1.5707 0 -1.5707 -1.57 3.14
goal -0.06512775617 -0.2813181209 2.077573782 1.339568039 -1.543128666 -0.004536556789
box 0.6 0.5 0.02 0.1778758496 1.097946399 0.7 0 0 0.6968768765 0.7171907829
box 0.6 0.5 0.02 0.1778758496 1.097946399 1 0 0 0.6968768765 0.7171907829
box 0.6 0.5 0.02 0.1778758496 1.097946399 1.3 0 0 0.6968768765 0.7171907829
box 0.6 0.5 0.02 0.1778758496 1.097946399 1.6 0 0 0.6968768765 0.7171907829
box 0.65 0.02 0.82 0.6776695222 1.08358378 0.82 0 0 0.6968768765 0.7171907829
box 0.65 0.02 0.82 -0.321917823 1.112309018 0.82 0 0 0.6968768765 0.7171907829
cyl 0.03 0.07 -0.002444680506 1.003087005 1.38 0 0 0.6968768765 0.7171907829
cyl 0.03 0.07 0.2113761606 0.7968598497 1.38 0 0 0.6968768765 0.7171907829
cyl 0.03 0.07 0.1326766647 0.5990388797 1.38 0 0 0.6968768765 0.7171907829
cyl 0.03 0.07 0.1199173433 0.9995706756 0.78 0 0 0.6968768765 0.7171907829
cyl 0.03 0.07 0.4571239567 0.7897977716 0.78 0 0 0.6968768765 0.7171907829
cyl 0.03 0.07 -0.08265549102 0.6052269007 0.78 0 0 0.6968768765 0.7171907829
cyl 0.03 0.07 -0.01510688541 1.00345088 1.08 0 0 0.6968768765 0.7171907829
cyl 0.03 0.07 -0.2113417697 0.8090075357 1.08 0 0 0.6968768765 0.7171907829
cyl 0.03 0.07 0.08804128969 0.6003215708 1.08 0 0 0.6968768765 0.7171907829
end
problem bookshelf_tall 42
start 1.57 -1.5707 0 -1.5707 -1.57 3.14
goal -0.0476794139 -1.788281237 2.295542994 -0.4961227387 0.5432075625 3.138841956
box 0.6 0.5 0.02 -0.7958180604 0.6205992395 0.7 0 0 0.9575466815 0.2882782556
box 0.6 0.5 0.02 -0.7958180604 0.6205992395 1 0 0 0.9575466815 0.2882782556
box 0.6 0.5 0.02 -0.7958180604 0.6205992395 1.3 0 0 0.9575466815 0.2882782556
box 0.6 0.5 0.02 -0.7958180604 0.6205992395 1.6 0 0 0.9575466815 0.2882782556
box 0.65 0.02 0.82 -0.5197781734 1.037494887 0.82 0 0 0.9575466815 0.2882782556
box 0.65 0.02 0.82 -1.071857947 0.2037035922 0.82 0 0 0.9575466815 0.2882782556
cyl 0.03 0.07 -0.5226368559 0.852044252 1.38 0 0 0.9575466815 0.2882782556
cyl 0.03 0.07 -0.4513035441 0.5975105556 1.38 0 0 0.9575466815 0.2882782556
cyl 0.03 0.07 -0.2117500691 0.5970352657 1.38 0 0 0.9575466815 0.2882782556
cyl 0.03 0.07 -0.9529011818 0.2022275657 0.78 0 0 0.9575466815 0.2882782556
cyl 0.03 0.07 -0.3950694098 0.6824394622 0.78 0 0 0.9575466815 0.2882782556
cyl 0.03 0.07 -0.1887106334 0.6318311082 0.78 0 0 0.9575466815 0.2882782556
cyl 0.03 0.07 -0.5299436515 0.8410089943 1.08 0 0 0.9575466815 0.2882782556
cyl 0.03 0.07 -0.72754468 0.1803109675 1.08 0 0 0.9575466815 0.2882782556
cyl 0.03 0.07 -0.3340363201 0.4123496163 1.08 0 0 0.9575466815 0.2882782556
end
problem bookshelf_tall 51
start 1.57 -1.5707 0 -1.5707 -1.57 3.14
goal -2.886996843 -2.848891077 -1.847974049 1.560790821 1.542664274 -0.002476797722
box 0.6 0.5 0.02 -0.2144241343 1.181470834 0.7 0 0 0.7809381975 0.6246083026
box 0.6 0.5 0.02 -0.2144241343 1.181470834 1 0 0 0.7809381975 0.6246083026
box 0.6 0.5 0.02 -0.2144241343 1.181470834 1.3 0 0 0.7809381975 0.6246083026
box 0.6 0.5 0.02 -0.2144241343 1.181470834 1.6 0 0 0.7809381975 0.6246083026
box 0.65 0.02 0.82 0.2733563476 1.291335302 0.82 0 0 0.7809381975 0.6246083026
box 0.65 0.02 0.82 -0.7022046163 1.071606366 0.82 0 0 0.7809381975 0.6246083026
cyl 0.03 0.07 -0.2874262856 1.062523183 1.38 0 0 0.7809381975 0.6246083026
cyl 0.03 0.07 -0.1255104651 0.8939817846 1.38 0 0 0.7809381975 0.6246083026
cyl 0.03 0.07 0.09095401098 0.7377265669 1.38 0 0 0.7809381975 0.6246083026
cyl 0.03 0.07 -0.2666362158 1.067205802 0.78 0 0 0.7809381975 0.6246083026
cyl 0.03 0.07 0.1195171236 0.9491701875 0.78 0 0 0.7809381975 0.6246083026
cyl 0.03 0.07 -0.06225345986 0.7032191236 0.78 0 0 0.7809381975 0.6246083026
cyl 0.03 0.07 0.1083115818 1.151656578 1.08 0 0 0.7809381975 0.6246083026
cyl 0.03 0.07 0.08942786929 0.9423930817 1.08 0 0 0.7809381975 0.6246083026
cyl 0.03 0.07 -0.3566941077 0.6369012482 1.08 0 0 0.7809381975 0.6246083026
end
problem bookshelf_tall 52
start 1.57 -1.5707 0 -1.5707 -1.57 3.14
goal -0.2008753914 -0.8172275112 2.350385068 -1.539536899 1.845813231 3.140910325
box 0.6 0.5 0.02 0.6513891428 0.8455716847 0.7 0 0 0.5199294553 0.8542092024
box 0.6 0.5 0.02 0.6513891428 0.8455716847 1 0 0 0.5199294553 0.8542092024
box 0.6 0.5 0.02 0.6513891428 0.8455716847 1.3 0 0 0.5199294553 0.8542092024
box 0.6 0.5 0.02 0.6513891428 0.8455716847 1.6 0 0 0.5199294553 0.8542092024
box 0.65 0.02 0.82 1.095517668 0.6158983232 0.82 0 0 0.5199294553 0.8542092024
box 0.65 0.02 0.82 0.2072606175 1.075245046 0.82 0 0 0.5199294553 0.8542092024
cyl 0.03 0.07 0.9288074178 0.589529613 1.38 0 0 0.5199294553 0.8542092024
cyl 0.03 0.07 0.3380064876 0.6698920162 1.38 0 0 0.5199294553 0.8542092024
cyl 0.03 0.07 0.1091228476 0.5630951718 1.38 0 0 0.5199294553 0.8542092024
cyl 0.03 0.07 0.773751239 0.6697142257 0.78 0 0 0.5199294553 0.8542092024
cyl 0.03 0.07 0.3067876132 0.6860363154 0.78 0 0 0.5199294553 0.8542092024
cyl 0.03 0.07 0.0881679102 0.5739316541 0.78 0 0 0.5199294553 0.8542092024
cyl 0.03 0.07 0.9095399478 0.5994934508 1.08 0 0 0.5199294553 0.8542092024
cyl 0.03 0.07 0.1709734551 0.756270251 1.08 0 0 0.5199294553 0.8542092024
cyl 0.03 0.07 0.5108161633 0.3553664427 1.08 0 0 0.5199294553 0.8542092024
end
problem bookshelf_tall 85
start 1.57 -1.5707 0 -1.5707 -1.57 3.14
goal -0.9571878106 -1.114911042 0.740686072 0.4298443154 0.1790622278 3.094192293
box 0.6 0.5 0.02 -0.2836952257 0.9537315383 0.7 0 0 0.8454083541 0.5341205059
box 0.6 0.5 0.02 -0.2836952257 0.9537315383 1 0 0 0.8454083541 0.5341205059
box 0.6 0.5 0.02 -0.2836952257 0.9537315383 1.3 0 0 0.8454083541 0.5341205059
box 0.6 0.5 0.02 -0.2836952257 0.9537315383 1.6 0 0 0.8454083541 0.5341205059
box 0.65 0.02 0.82 0.1678547121 1.168446823 0.82 0 0 0.8454083541 0.5341205059
box 0.65 0.02 0.82 -0.7352451635 0.7390162531 0.82 0 0 0.8454083541 0.5341205059
cyl 0.03 0.07 -0.4930625851 0.7434461095 1.38 0 0 0.8454083541 0.5341205059
cyl 0.03 0.07 0.04522418329 0.7779459414 1.38 0 0 0.8454083541 0.5341205059
cyl 0.03 0.07 0.2639218088 0.6604788076 1.38 0 0 0.8454083541 0.5341205059
cyl 0.03 0.07 0.007809172634 0.9816142794 0.78 0 0 0.8454083541 0.5341205059
cyl 0.03 0.07 0.2306310413 0.8661082532 0.78 0 0 0.8454083541 0.5341205059
cyl 0.03 0.07 -0.2530051147 0.4146762895 0.78 0 0 0.8454083541 0.5341205059
cyl 0.03 0.07 -0.03453139114 0.9614810328 1.08 0 0 0.8454083541 0.5341205059
cyl 0.03 0.07 0.05825932918 0.7841442483 1.08 0 0 0.8454083541 0.5341205059
cyl 0.03 0.07 0.09224272874 0.5788441543 1.08 0 0 0.8454083541 0.5341205059
end
problem bookshelf_thin 4
start 1.57 -1.5707 0 -1.5707 -1.57 3.14
goal -2.874765357 -3.128155945 -1.220218439 1.201257175 1.743579627 -0.003991804962
box 0.02 0.02 0.82 -0.08132861155 1.417771878 0.82 0 0 0.8433638605 0.5373429061
box 0.02 0.02 0.82 -0.987679787 0.9952466755 0.82 0 0 0.8433638605 0.5373429061
box 0.02 0.02 0.82 0.1721865099 0.8739611727 0.82 0 0 0.8433638605 0.5373429061
box 0.02 0.02 0.82 -0.7341646656 0.4514359702 0.82 0 0 0.8433638605 0.5373429061
box 0.31 0.5 0.02 -0.4077466386 0.9346039241 0.35 0 0 0.8433638605 0.5373429061
box 0.31 0.5 0.02 -0.4077466386 0.9346039241 0.85 0 0 0.8433638605 0.5373429061
box 0.31 0.5 0.02 -0.4077466386 0.9346039241 0.6 0 0 0.8433638605 0.5373429061
box 0.31 0.5 0.02 -0.4077466386 0.9346039241 1.1 0 0 0.8433638605 0.5373429061
box 0.31 0.5 0.02 -0.4077466386 0.9346039241 1.35 0 0 0.8433638605 0.5373429061
box 0.31 0.5 0.02 -0.4077466386 0.9346039241 1.6 0 0 0.8433638605 0.5373429061
box 0.31 0.02 0.7 -0.4077466386 0.9346039241 0.9 0 0 0.8433638605 0.5373429061
cyl 0.03 0.07 -0.8479522353 0.8397202177 0.44 0 0 0.8433638605 0.5373429061
cyl 0.03 0.07 -0.5292130139 0.6573133864 1.44 0 0 0.8433638605 0.5373429061
cyl 0.03 0.07 -0.4121353395 0.7118929681 0.44 0 0 0.8433638605 0.5373429061
cyl 0.03 0.07 -0.1915740075 1.145712366 0.69 0 0 0.8433638605 0.5373429061
cyl 0.03 0.07 -0.1628844923 0.8280893912 0.69 0 0 0.8433638605 0.5373429061
cyl 0.03 0.07 -0.6147010776 0.9484578629 0.94 0 0 0.8433638605 0.5373429061
cyl 0.03 0.07 -0.510863626 0.6658675529 0.94 0 0 0.8433638605 0.5373429061
cyl 0.03 0.07 -0.08119562252 1.197168855 1.19 0 0 0.8433638605 0.5373429061
cyl 0.03 0.07 -0.009291969153 0.8996915623 1.19 0 0 0.8433638605 0.5373429061
cyl 0.03 0.07 -0.7644386961 0.8786527816 1.44 0 0 0.8433638605 0.5373429061
end
problem bookshelf_thin 11
start 1.57 -1.5707 0 -1.5707 -1.57 3.14
goal 0.007288536096 -0.9184389468 1.438421714 2.60993399 -0.8663943595 0.01735042794
box 0.02 0.02 0.82 -0.4243040458 1.367346393 0.82 0 0 0.9097020895 0.4152614939
box 0.02 0.02 0.82 -1.179832543 0.7122306095 0.82 0 0 0.9097020895 0.4152614939
box 0.02 0.02 0.82 -0.03123457577 0.9140292944 0.82 0 0 0.9097020895 0.4152614939
box 0.02 0.02 0.82 -0.7867630732 0.2589135111 0.82 0 0 0.9097020895 0.4152614939
box 0.31 0.5 0.02 -0.6055335595 0.813129952 0.35 0 0 0.9097020895 0.4152614939
box 0.31 0.5 0.02 -0.6055335595 0.813129952 0.85 0 0 0.9097020895 0.4152614939
box 0.31 0.5 0.02 -0.6055335595 0.813129952 0.6 0 0 0.9097020895 0.4152614939
box 0.31 0.5 0.02 -0.6055335595 0.813129952 1.1 0 0 0.9097020895 0.4152614939
box 0.31 0.5 0.02 -0.6055335595 0.813129952 1.35 0 0 0.9097020895 0.4152614939
box 0.31 0.5 0.02 -0.6055335595 0.813129952 1.6 0 0 0.9097020895 0.4152614939
box 0.31 0.02 0.7 -0.6055335595 0.813129952 0.9 0 0 0.9097020895 0.4152614939
cyl 0.03 0.07 -0.7545597871 0.8162675784 0.44 0 0 0.9097020895 0.4152614939
cyl 0.03 0.07 -0.5687174202 0.5803377189 1.44 0 0 0.9097020895 0.4152614939
cyl 0.03 0.07 -0.7318068554 0.4389235122 0.44 0 0 0.9097020895 0.4152614939
cyl 0.03 0.07 -0.4878954046 1.047491214 0.69 0 0 0.9097020895 0.4152614939
cyl 0.03 0.07 -0.3273396501 0.7896354323 0.69 0 0 0.9097020895 0.4152614939
cyl 0.03 0.07 -0.9998642856 0.6035650142 0.94 0 0 0.9097020895 0.4152614939
cyl 0.03 0.07 -0.6268403295 0.5299395733 0.94 0 0 0.9097020895 0.4152614939
cyl 0.03 0.07 -0.4350322944 1.093328608 1.19 0 0 0.9097020895 0.4152614939
cyl 0.03 0.07 -0.2993055743 0.813943669 1.19 0 0 0.9097020895 0.4152614939
cyl 0.03 0.07 -1.004375773 0.5996531214 1.44 0 0 0.9097020895 0.4152614939
end
problem bookshelf_thin 16
start 1.57 -1.5707 0 -1.5707 -1.57 3.14
goal -0.5238865116 -0.3736497988 1.328979235 -0.9639349585 0.7066269944 3.141025878
box 0.02 0.02 0.82 0.1122636052 1.38584137 0.82 0 0 0.8141044489 0.5807184743
box 0.02 0.02 0.82 -0.8332673817 1.060309262 0.82 0 0 0.8141044489 0.5807184743
box 0.02 0.02 0.82 0.3075828696 0.8185227775 0.82 0 0 0.8141044489 0.5807184743
box 0.02 0.02 0.82 -0.6379481173 0.4929906701 0.82 0 0 0.8141044489 0.5807184743
box 0.31 0.5 0.02 -0.2628422561 0.9394160199 0.35 0 0 0.8141044489 0.5807184743
box 0.31 0.5 0.02 -0.2628422561 0.9394160199 0.85 0 0 0.8141044489 0.5807184743
box 0.31 0.5 0.02 -0.2628422561 0.9394160199 0.6 0 0 0.8141044489 0.5807184743
box 0.31 0.5 0.02 -0.2628422561 0.9394160199 1.1 0 0 0.8141044489 0.5807184743
box 0.31 0.5 0.02 -0.2628422561 0.9394160199 1.35 0 0 0.8141044489 0.5807184743
box 0.31 0.5 0.02 -0.2628422561 0.9394160199 1.6 0 0 0.8141044489 0.5807184743
box 0.31 0.02 0.7 -0.2628422561 0.9394160199 0.9 0 0 0.8141044489 0.5807184743
cyl 0.03 0.07 -0.4644789403 0.97575622 0.44 0 0 0.8141044489 0.5807184743
cyl 0.03 0.07 -0.3634813852 0.6932461206 1.44 0 0 0.8141044489 0.5807184743
cyl 0.03 0.07 -0.6210245793 0.6045778698 0.44 0 0 0.8141044489 0.5807184743
cyl 0.03 0.07 0.06728390774 1.158834176 0.69 0 0 0.8141044489 0.5807184743
cyl 0.03 0.07 0.129123304 0.8628425112 0.69 0 0 0.8141044489 0.5807184743
cyl 0.03 0.07 -0.5028606592 0.962541971 0.94 0 0 0.8141044489 0.5807184743
cyl 0.03 0.07 -0.3188604457 0.7086084394 0.94 0 0 0.8141044489 0.5807184743
cyl 0.03 0.07 0.1253826539 1.178836701 1.19 0 0 0.8141044489 0.5807184743
cyl 0.03 0.07 0.2017706629 0.8878539049 1.19 0 0 0.8141044489 0.5807184743
cyl 0.03 0.07 -0.3873825951 1.002299333 1.44 0 0 0.8141044489 0.5807184743
end
problem bookshelf_thin 23
start 1.57 -1.5707 0 -1.5707 -1.57 3.14
goal -0.4474872647 -0.4314042001 1.498230605 -1.059205785 1.278283011 -3.136327548
box 0.02 0.02 0.82 0.611104104 1.289927538 0.82 0 0 0.651800968 0.7583900699
box 0.02 0.02 0.82 -0.3775346593 1.440238534 0.82 0 0 0.651800968 0.7583900699
box 0.02 0.02 0.82 0.5209175062 0.6967442799 0.82 0 0 0.651800968 0.7583900699
box 0.02 0.02 0.82 -0.4677212571 0.8470552762 0.82 0 0 0.651800968 0.7583900699
box 0.31 0.5 0.02 0.07169142344 1.068491407 0.35 0 0 0.651800968 0.7583900699
box 0.31 0.5 0.02 0.07169142344 1.068491407 0.85 0 0 0.651800968 0.7583900699
box 0.31 0.5 0.02 0.07169142344 1.068491407 0.6 0 0 0.651800968 0.7583900699
box 0.31 0.5 0.02 0.07169142344 1.068491407 1.1 0 0 0.651800968 0.7583900699
box 0.31 0.5 0.02 0.07169142344 1.068491407 1.35 0 0 0.651800968 0.7583900699
box 0.31 0.5 0.02 0.07169142344 1.068491407 1.6 0 0 0.651800968 0.7583900699
box 0.31 0.02 0.7 0.07169142344 1.068491407 0.9 0 0 0.651800968 0.7583900699
cyl 0.03 0.07 -0.1541922512 1.203983566 0.44 0 0 0.651800968 0.7583900699
cyl 0.03 0.07 -0.01798391617 0.8798271373 1.44 0 0 0.651800968 0.7583900699
cyl 0.03 0.07 -0.02514241501 0.8809155035 0.44 0 0 0.651800968 0.7583900699
cyl 0.03 0.07 0.3386657198 1.129050258 0.69 0 0 0.651800968 0.7583900699
cyl 0.03 0.07 0.1887834154 0.8483905754 0.69 0 0 0.651800968 0.7583900699
cyl 0.03 0.07 -0.1667377682 1.205890965 0.94 0 0 0.651800968 0.7583900699
cyl 0.03 0.07 -0.255975591 0.9160109964 0.94 0 0 0.651800968 0.7583900699
cyl 0.03 0.07 0.2809827601 1.137820279 1.19 0 0 0.651800968 0.7583900699
cyl 0.03 0.07 0.1323704636 0.856967507 1.19 0 0 0.651800968 0.7583900699
cyl 0.03 0.07 -0.3257813537 1.230071688 1.44 0 0 0.651800968 0.7583900699
end
problem bookshelf_thin 26
start 1.57 -1.5707 0 -1.5707 -1.57 3.14
goal -1.513973059 -2.590710392 -1.564778411 1.020125195 0.9600832912 -0.005606624864
box 0.02 0.02 0.82 -0.7916337423 1.201545212 0.82 0 0 0.9612433946 0.2757011723
box 0.02 0.02 0.82 -1.321665604 0.3535674853 0.82 0 0 0.9612433946 0.2757011723
box 0.02 0.02 0.82 -0.282847106 0.8835260955 0.82 0 0 0.9612433946 0.2757011723
box 0.02 0.02 0.82 -0.8128789675 0.03554836837 0.82 0 0 0.9612433946 0.2757011723
box 0.31 0.5 0.02 -0.8022563549 0.6185467904 0.35 0 0 0.9612433946 0.2757011723
box 0.31 0.5 0.02 -0.8022563549 0.6185467904 0.85 0 0 0.9612433946 0.2757011723
box 0.31 0.5 0.02 -0.8022563549 0.6185467904 0.6 0 0 0.9612433946 0.2757011723
box 0.31 0.5 0.02 -0.8022563549 0.6185467904 1.1 0 0 0.9612433946 0.2757011723
box 0.31 0.5 0.02 -0.8022563549 0.6185467904 1.35 0 0 0.9612433946 0.2757011723
box 0.31 0.5 0.02 -0.8022563549 0.6185467904 1.6 0 0 0.9612433946 0.2757011723
box 0.31 0.02 0.7 -0.8022563549 0.6185467904 0.9 0 0 0.9612433946 0.2757011723
cyl 0.03 0.07 -1.085530281 0.3540155614 0.44 0 0 0.9612433946 0.2757011723
cyl 0.03 0.07 -0.8386564227 0.1829759059 1.44 0 0 0.9612433946 0.2757011723
cyl 0.03 0.07 -0.6999676979 0.4048586985 0.44 0 0 0.9612433946 0.2757011723
cyl 0.03 0.07 -0.7018363735 0.9678727858 0.69 0 0 0.9612433946 0.2757011723
cyl 0.03 0.07 -0.4328368099 0.8322312014 0.69 0 0 0.9612433946 0.2757011723
cyl 0.03 0.07 -1.097224392 0.3353065993 0.94 0 0 0.9612433946 0.2757011723
cyl 0.03 0.07 -0.8110712663 0.2271083439 0.94 0 0 0.9612433946 0.2757011723
cyl 0.03 0.07 -0.8068238328 0.7999073603 1.19 0 0 0.9612433946 0.2757011723
cyl 0.03 0.07 -0.4445702759 0.8134592774 1.19 0 0 0.9612433946 0.2757011723
cyl 0.03 0.07 -0.9809276248 0.5213653546 1.44 0 0 0.9612433946 0.2757011723
end
problem bookshelf_thin 28
start 1.57 -1.5707 0 -1.5707 -1.57 3.14
goal -0.1208837621 -0.8592882293 1.531655071 -0.6668660258 1.588893523 3.135973736
box 0.02 0.02 0.82 0.7090251188 1.284441698 0.82 0 0 0.6576613278 0.7533137314
box 0.02 0.02 0.82 -0.2818254989 1.419404854 0.82 0 0 0.6576613278 0.7533137314
box 0.02 0.02 0.82 0.6280472252 0.6899313273 0.82 0 0 0.6576613278 0.7533137314
box 0.02 0.02 0.82 -0.3628033925 0.8248944832 0.82 0 0 0.6576613278 0.7533137314
box 0.31 0.5 0.02 0.1731108631 1.054668091 0.35 0 0 0.6576613278 0.7533137314
box 0.31 0.5 0.02 0.1731108631 1.054668091 0.85 0 0 0.6576613278 0.7533137314
box 0.31 0.5 0.02 0.1731108631 1.054668091 0.6 0 0 0.6576613278 0.7533137314
box 0.31 0.5 0.02 0.1731108631 1.054668091 1.1 0 0 0.6576613278 0.7533137314
box 0.31 0.5 0.02 0.1731108631 1.054668091 1.35 0 0 0.6576613278 0.7533137314
box 0.31 0.5 0.02 0.1731108631 1.054668091 1.6 0 0 0.6576613278 0.7533137314
box 0.31 0.02 0.7 0.1731108631 1.054668091 0.9 0 0 0.6576613278 0.7533137314
cyl 0.03 0.07 0.06328674126 1.170550554 0.44 0 0 0.6576613278 0.7533137314
cyl 0.03 0.07 -0.01383589814 0.8782852211 1.44 0 0 0.6576613278 0.7533137314
cyl 0.03 0.07 -0.2288620766 0.9075738052 0.44 0 0 0.6576613278 0.7533137314
cyl 0.03 0.07 0.3434549723 1.13238901 0.69 0 0 0.6576613278 0.7533137314
cyl 0.03 0.07 0.5298036194 0.8042364153 0.69 0 0 0.6576613278 0.7533137314
cyl 0.03 0.07 -0.1179213364 1.195232795 0.94 0 0 0.6576613278 0.7533137314
cyl 0.03 0.07 0.0008912113777 0.8762792505 0.94 0 0 0.6576613278 0.7533137314
cyl 0.03 0.07 0.5730141085 1.101120901 1.19 0 0 0.6576613278 0.7533137314
cyl 0.03 0.07 0.5420502947 0.8025683032 1.19 0 0 0.6576613278 0.7533137314
cyl 0.03 0.07 0.08417400093 1.167705513 1.44 0 0 0.6576613278 0.7533137314
end
problem bookshelf_thin 30
start 1.57 -1.5707 0 -1.5707 -1.57 3.14
goal 0.8958418502 -0.7642738755 1.327722703 -0.5655800545 2.033705021 3.140535969
box 0.02 0.02 0.82 -0.129831134 1.366766446 0.82 0 0 0.8398071829 0.5428847903
box 0.02 0.02 0.82 -1.041668227 0.9562142365 0.82 0 0 0.8398071829 0.5428847903
box 0.02 0.02 0.82 0.1165001914 0.8196641899 0.82 0 0 0.8398071829 0.5428847903
box 0.02 0.02 0.82 -0.7953369014 0.4091119809 0.82 0 0 0.8398071829 0.5428847903
box 0.31 0.5 0.02 -0.4625840177 0.8879392132 0.35 0 0 0.8398071829 0.5428847903
box 0.31 0.5 0.02 -0.4625840177 0.8879392132 0.85 0 0 0.8398071829 0.5428847903
box 0.31 0.5 0.02 -0.4625840177 0.8879392132 0.6 0 0 0.8398071829 0.5428847903
box 0.31 0.5 0.02 -0.4625840177 0.8879392132 1.1 0 0 0.8398071829 0.5428847903
box 0.31 0.5 0.02 -0.4625840177 0.8879392132 1.35 0 0 0.8398071829 0.5428847903
box 0.31 0.5 0.02 -0.4625840177 0.8879392132 1.6 0 0 0.8398071829 0.5428847903
box 0.31 0.02 0.7 -0.4625840177 0.8879392132 0.9 0 0 0.8398071829 0.5428847903
cyl 0.03 0.07 -0.6565476988 0.9102762978 0.44 0 0 0.8398071829 0.5428847903
cyl 0.03 0.07 -0.7667736833 0.5316412058 1.44 0 0 0.8398071829 0.5428847903
cyl 0.03 0.07 -0.4280418209 0.6841543197 0.44 0 0 0.8398071829 0.5428847903
cyl 0.03 0.07 -0.2761263413 1.081559995 0.69 0 0 0.8398071829 0.5428847903
cyl 0.03 0.07 -0.1653816188 0.8024163723 0.69 0 0 0.8398071829 0.5428847903
cyl 0.03 0.07 -0.7967279705 0.8471605058 0.94 0 0 0.8398071829 0.5428847903
cyl 0.03 0.07 -0.6845104313 0.5686800147 0.94 0 0 0.8398071829 0.5428847903
cyl 0.03 0.07 -0.3904256944 1.030097018 1.19 0 0 0.8398071829 0.5428847903
cyl 0.03 0.07 -0.2937485104 0.7446195231 1.19 0 0 0.8398071829 0.5428847903
cyl 0.03 0.07 -0.6366602457 0.9192305702 1.44 0 0 0.8398071829 0.5428847903
end
problem bookshelf_thin 40
start 1.57 -1.5707 0 -1.5707 -1.57 3.14
goal 0.7140475085 -1.399589146 0.9690946981 0.4378130559 1.505307991 3.139196558
box 0.02 0.02 0.82 -0.4753575781 1.242929382 0.82 0 0 0.923190351 0.3843430444
box 0.02 0.02 0.82 -1.185001158 0.5383685333 0.82 0 0 0.923190351 0.3843430444
box 0.02 0.02 0.82 -0.05262106909 0.8171432336 0.82 0 0 0.923190351 0.3843430444
box 0.02 0.02 0.82 -0.7622646493 0.1125823852 0.82 0 0 0.923190351 0.3843430444
box 0.31 0.5 0.02 -0.6188111137 0.6777558834 0.35 0 0 0.923190351 0.3843430444
box 0.31 0.5 0.02 -0.6188111137 0.6777558834 0.85 0 0 0.923190351 0.3843430444
box 0.31 0.5 0.02 -0.6188111137 0.6777558834 0.6 0 0 0.923190351 0.3843430444
box 0.31 0.5 0.02 -0.6188111137 0.6777558834 1.1 0 0 0.923190351 0.3843430444
box 0.31 0.5 0.02 -0.6188111137 0.6777558834 1.35 0 0 0.923190351 0.3843430444
box 0.31 0.5 0.02 -0.6188111137 0.6777558834 1.6 0 0 0.923190351 0.3843430444
box 0.31 0.02 0.7 -0.6188111137 0.6777558834 0.9 0 0 0.923190351 0.3843430444
cyl 0.03 0.07 -0.9868464438 0.4532723696 0.44 0 0 0.923190351 0.3843430444
cyl 0.03 0.07 -0.5583729508 0.4559295455 1.44 0 0 0.923190351 0.3843430444
cyl 0.03 0.07 -0.5600149208 0.4542993358 0.44 0 0 0.923190351 0.3843430444
cyl 0.03 0.07 -0.4328788777 1.003272214 0.69 0 0 0.923190351 0.3843430444
cyl 0.03 0.07 -0.160339048 0.8511125811 0.69 0 0 0.923190351 0.3843430444
cyl 0.03 0.07 -0.8645563254 0.5746866006 0.94 0 0 0.923190351 0.3843430444
cyl 0.03 0.07 -0.793795467 0.222193213 0.94 0 0 0.923190351 0.3843430444
cyl 0.03 0.07 -0.4127133307 1.023293327 1.19 0 0 0.923190351 0.3843430444
cyl 0.03 0.07 -0.3218622466 0.6907462719 1.19 0 0 0.923190351 0.3843430444
cyl 0.03 0.07 -0.9447764197 0.4950410726 1.44 0 0 0.923190351 0.3843430444
end
problem bookshelf_thin 44
start 1.57 -1.5707 0 -1.5707 -1.57 3.14
goal 0.149392998 -1.118011991 1.781537974 2.488297984 -0.8663173992 -0.002029277027
box 0.02 0.02 0.82 -0.6034600367 1.187047587 0.82 0 0 0.937511732 0.347953664
box 0.02 0.02 0.82 -1.255881321 0.429191092 0.82 0 0 0.937511732 0.347953664
box 0.02 0.02 0.82 -0.1487461394 0.7955948167 0.82 0 0 0.937511732 0.347953664
box 0.02 0.02 0.82 -0.8011674239 0.03773832131 0.82 0 0 0.937511732 0.347953664
box 0.31 0.5 0.02 -0.7023137303 0.6123929543 0.35 0 0 0.937511732 0.347953664
box 0.31 0.5 0.02 -0.7023137303 0.6123929543 0.85 0 0 0.937511732 0.347953664
box 0.31 0.5 0.02 -0.7023137303 0.6123929543 0.6 0 0 0.937511732 0.347953664
box 0.31 0.5 0.02 -0.7023137303 0.6123929543 1.1 0 0 0.937511732 0.347953664
box 0.31 0.5 0.02 -0.7023137303 0.6123929543 1.35 0 0 0.937511732 0.347953664
box 0.31 0.5 0.02 -0.7023137303 0.6123929543 1.6 0 0 0.937511732 0.347953664
box 0.31 0.02 0.7 -0.7023137303 0.6123929543 0.9 0 0 0.937511732 0.347953664
cyl 0.03 0.07 -0.9239234836 0.5082449251 0.44 0 0 0.937511732 0.347953664
cyl 0.03 0.07 -0.685620264 0.3252337941 1.44 0 0 0.937511732 0.347953664
cyl 0.03 0.07 -0.7034831543 0.3044841531 0.44 0 0 0.937511732 0.347953664
cyl 0.03 0.07 -0.5760997647 0.912279053 0.69 0 0 0.937511732 0.347953664
cyl 0.03 0.07 -0.4480638919 0.6011807074 0.69 0 0 0.937511732 0.347953664
cyl 0.03 0.07 -0.9407947504 0.4886471599 0.94 0 0 0.937511732 0.347953664
cyl 0.03 0.07 -0.6212957164 0.3999535763 0.94 0 0 0.937511732 0.347953664
cyl 0.03 0.07 -0.7139666829 0.7521320099 1.19 0 0 0.937511732 0.347953664
cyl 0.03 0.07 -0.3946036298 0.6632804701 1.19 0 0 0.937511732 0.347953664
cyl 0.03 0.07 -0.8674951378 0.5737924317 1.44 0 0 0.937511732 0.347953664
end
problem bookshelf_thin 50
start 1.57 -1.5707 0 -1.5707 -1.57 3.14
goal -0.424170219 -0.0645224174 -1.140558754 -1.946187101 -1.891888788 -0.008572256002
box 0.02 0.02 0.82 1.235240903 0.6030777648 0.82 0 0 0.4007600705 0.9161830417
box 0.02 0.02 0.82 0.5009017426 1.281860497 0.82 0 0 0.4007600705 0.9161830417
box 0.02 0.02 0.82 0.8279712642 0.1624742684 0.82 0 0 0.4007600705 0.9161830417
box 0.02 0.02 0.82 0.09363210352 0.8412570002 0.82 0 0 0.4007600705 0.9161830417
box 0.31 0.5 0.02 0.6644365034 0.7221673825 0.35 0 0 0.4007600705 0.9161830417
box 0.31 0.5 0.02 0.6644365034 0.7221673825 0.85 0 0 0.4007600705 0.9161830417
box 0.31 0.5 0.02 0.6644365034 0.7221673825 0.6 0 0 0.4007600705 0.9161830417
box 0.31 0.5 0.02 0.6644365034 0.7221673825 1.1 0 0 0.4007600705 0.9161830417
box 0.31 0.5 0.02 0.6644365034 0.7221673825 1.35 0 0 0.4007600705 0.9161830417
box 0.31 0.5 0.02 0.6644365034 0.7221673825 1.6 0 0 0.4007600705 0.9161830417
box 0.31 0.02 0.7 0.6644365034 0.7221673825 0.9 0 0 0.4007600705 0.9161830417
cyl 0.03 0.07 0.6487399677 0.8728532553 0.44 0 0 0.4007600705 0.9161830417
cyl 0.03 0.07 0.3200026349 0.7681893898 1.44 0 0 0.4007600705 0.9161830417
cyl 0.03 0.07 0.3978618855 0.6962205807 0.44 0 0 0.4007600705 0.9161830417
cyl 0.03 0.07 0.9969416699 0.5509947528 0.69 0 0 0.4007600705 0.9161830417
cyl 0.03 0.07 0.7419124664 0.3781991464 0.69 0 0 0.4007600705 0.9161830417
cyl 0.03 0.07 0.4822412036 1.026755556 0.94 0 0 0.4007600705 0.9161830417
cyl 0.03 0.07 0.1991473341 0.8799013828 0.94 0 0 0.4007600705 0.9161830417
cyl 0.03 0.07 0.8811630868 0.6580141072 1.19 0 0 0.4007600705 0.9161830417
cyl 0.03 0.07 0.5844729236 0.5237276007 1.19 0 0 0.4007600705 0.9161830417
cyl 0.03 0.07 0.6888745694 0.8357550369 1.44 0 0 0.4007600705 0.9161830417
end
problem bookshelf_thin 51
start 1.57 -1.5707 0 -1.5707 -1.57 3.14
goal 0.632833703 0.1389964686 1.028386223 -1.157525416 1.847399793 -3.130009374
box 0.02 0.02 0.82 -0.02189014061 1.383080529 0.82 0 0 0.8194280855 0.5731820066
box 0.02 0.02 0.82 -0.9612530093 1.040155755 0.82 0 0 0.8194280855 0.5731820066
box 0.02 0.02 0.82 0.1838647241 0.8194628082 0.82 0 0 0.8194280855 0.5731820066
box 0.02 0.02 0.82 -0.7554981445 0.4765380336 0.82 0 0 0.8194280855 0.5731820066
box 0.31 0.5 0.02 -0.3886941426 0.9298092815 0.35 0 0 0.8194280855 0.5731820066
box 0.31 0.5 0.02 -0.3886941426 0.9298092815 0.85 0 0 0.8194280855 0.5731820066
box 0.31 0.5 0.02 -0.3886941426 0.9298092815 0.6 0 0 0.8194280855 0.5731820066
box 0.31 0.5 0.02 -0.3886941426 0.9298092815 1.1 0 0 0.8194280855 0.5731820066
box 0.31 0.5 0.02 -0.3886941426 0.9298092815 1.35 0 0 0.8194280855 0.5731820066
box 0.31 0.5 0.02 -0.3886941426 0.9298092815 1.6 0 0 0.8194280855 0.5731820066
box 0.31 0.02 0.7 -0.3886941426 0.9298092815 0.9 0 0 0.8194280855 0.5731820066
cyl 0.03 0.07 -0.7037543962 0.9212481953 0.44 0 0 0.8194280855 0.5731820066
cyl 0.03 0.07 -0.7323486612 0.5914441417 1.44 0 0 0.8194280855 0.5731820066
cyl 0.03 0.07 -0.5231190541 0.6678257172 0.44 0 0 0.8194280855 0.5731820066
cyl 0.03 0.07 -0.01972640432 1.170960157 0.69 0 0 0.8194280855 0.5731820066
cyl 0.03 0.07 -0.00561659534 0.8567456968 0.69 0 0 0.8194280855 0.5731820066
cyl 0.03 0.07 -0.7292208033 0.9119514026 0.94 0 0 0.8194280855 0.5731820066
cyl 0.03 0.07 -0.443793615 0.6967843435 0.94 0 0 0.8194280855 0.5731820066
cyl 0.03 0.07 -0.2299326755 1.09422204 1.19 0 0 0.8194280855 0.5731820066
cyl 0.03 0.07 -0.2420773464 0.7704230919 1.19 0 0 0.8194280855 0.5731820066
cyl 0.03 0.07 -0.7653535792 0.8987607342 1.44 0 0 0.8194280855 0.5731820066
end
problem bookshelf_thin 61
start 1.57 -1.5707 0 -1.5707 -1.57 3.14
goal 1.933283332 -2.777634505 -1.327108892 -2.167179985 -2.095005616 3.140775277
box 0.02 0.02 0.82 1.21790049 0.6424246573 0.82 0 0 0.4294428141 0.9030940535
box 0.02 0.02 0.82 0.442245986 1.273582396 0.82 0 0 0.4294428141 0.9030940535
box 0.02 0.02 0.82 0.8392058463 0.1770319552 0.82 0 0 0.4294428141 0.9030940535
box 0.02 0.02 0.82 0.06355134275 0.8081896939 0.82 0 0 0.4294428141 0.9030940535
box 0.31 0.5 0.02 0.6407259161 0.7253071756 0.35 0 0 0.4294428141 0.9030940535
box 0.31 0.5 0.02 0.6407259161 0.7253071756 0.85 0 0 0.4294428141 0.9030940535
box 0.31 0.5 0.02 0.6407259161 0.7253071756 0.6 0 0 0.4294428141 0.9030940535
box 0.31 0.5 0.02 0.6407259161 0.7253071756 1.1 0 0 0.4294428141 0.9030940535
box 0.31 0.5 0.02 0.6407259161 0.7253071756 1.35 0 0 0.4294428141 0.9030940535
box 0.31 0.5 0.02 0.6407259161 0.7253071756 1.6 0 0 0.4294428141 0.9030940535
box 0.31 0.02 0.7 0.6407259161 0.7253071756 0.9 0 0 0.4294428141 0.9030940535
cyl 0.03 0.07 0.6394827972 0.8552420934 0.44 0 0 0.4294428141 0.9030940535
cyl 0.03 0.07 0.3987409956 0.6643659388 1.44 0 0 0.4294428141 0.9030940535
cyl 0.03 0.07 0.3205695184 0.7279748427 0.44 0 0 0.4294428141 0.9030940535
cyl 0.03 0.07 0.7920739524 0.7310771616 0.69 0 0 0.4294428141 0.9030940535
cyl 0.03 0.07 0.8029931539 0.3354219606 0.69 0 0 0.4294428141 0.9030940535
cyl 0.03 0.07 0.4808071446 0.9843580408 0.94 0 0 0.4294428141 0.9030940535
cyl 0.03 0.07 0.2594579567 0.7777019247 0.94 0 0 0.4294428141 0.9030940535
cyl 0.03 0.07 0.8602866655 0.6755718025 1.19 0 0 0.4294428141 0.9030940535
cyl 0.03 0.07 0.5629412738 0.5307545489 1.19 0 0 0.4294428141 0.9030940535
cyl 0.03 0.07 0.6284059393 0.8642554421 1.44 0 0 0.4294428141 0.9030940535
end
problem bookshelf_thin 62
start 1.57 -1.5707 0 -1.5707 -1.57 3.14
goal -0.3463841946 -1.169719083 1.843875446 2.461764614 -0.8663168801 -0.004241598767
box 0.02 0.02 0.82 0.04471718546 1.310779736 0.82 0 0 0.8210617493 0.5708393854
box 0.02 0.02 0.82 -0.8926715832 0.962494944 0.82 0 0 0.8210617493 0.5708393854
box 0.02 0.02 0.82 0.2536880608 0.748346475 0.82 0 0 0.8210617493 0.5708393854
box 0.02 0.02 0.82 -0.6837007078 0.4000616828 0.82 0 0 0.8210617493 0.5708393854
box 0.31 0.5 0.02 -0.3194917612 0.8554207095 0.35 0 0 0.8210617493 0.5708393854
box 0.31 0.5 0.02 -0.3194917612 0.8554207095 0.85 0 0 0.8210617493 0.5708393854
box 0.31 0.5 0.02 -0.3194917612 0.8554207095 0.6 0 0 0.8210617493 0.5708393854
box 0.31 0.5 0.02 -0.3194917612 0.8554207095 1.1 0 0 0.8210617493 0.5708393854
box 0.31 0.5 0.02 -0.3194917612 0.8554207095 1.35 0 0 0.8210617493 0.5708393854
box 0.31 0.5 0.02 -0.3194917612 0.8554207095 1.6 0 0 0.8210617493 0.5708393854
box 0.31 0.02 0.7 -0.3194917612 0.8554207095 0.9 0 0 0.8210617493 0.5708393854
cyl 0.03 0.07 -0.6708627658 0.831548888 0.44 0 0 0.8210617493 0.5708393854
cyl 0.03 0.07 -0.6595989809 0.5156959517 1.44 0 0 0.8210617493 0.5708393854
cyl 0.03 0.07 -0.3115042461 0.645029806 0.44 0 0 0.8210617493 0.5708393854
cyl 0.03 0.07 -0.1082871003 1.040572673 0.69 0 0 0.8210617493 0.5708393854
cyl 0.03 0.07 0.06128853133 0.7835401651 0.69 0 0 0.8210617493 0.5708393854
cyl 0.03 0.07 -0.4039890177 0.9307052584 0.94 0 0 0.8210617493 0.5708393854
cyl 0.03 0.07 -0.3482699331 0.6313695936 0.94 0 0 0.8210617493 0.5708393854
cyl 0.03 0.07 -0.01788775941 1.074160355 1.19 0 0 0.8210617493 0.5708393854
cyl 0.03 0.07 -0.04170717997 0.7452723289 1.19 0 0 0.8210617493 0.5708393854
cyl 0.03 0.07 -0.4181859429 0.9254304211 1.44 0 0 0.8210617493 0.5708393854
end
problem bookshelf_thin 64
start 1.57 -1.5707 0 -1.5707 -1.57 3.14
goal -0.2788337943 -1.036000387 1.840584797 -0.8077408871 1.663707387 3.138812016
box 0.02 0.02 0.82 1.018299115 0.9499350985 0.82 0 0 0.5604314255 0.8282008315
box 0.02 0.02 0.82 0.08999956975 1.321768333 0.82 0 0 0.5604314255 0.8282008315
box 0.02 0.02 0.82 0.7951991742 0.3929553714 0.82 0 0 0.5604314255 0.8282008315
box 0.02 0.02 0.82 -0.133100371 0.764788606 0.82 0 0 0.5604314255 0.8282008315
box 0.31 0.5 0.02 0.442599372 0.8573618523 0.35 0 0 0.5604314255 0.8282008315
box 0.31 0.5 0.02 0.442599372 0.8573618523 0.85 0 0 0.5604314255 0.8282008315
box 0.31 0.5 0.02 0.442599372 0.8573618523 0.6 0 0 0.5604314255 0.8282008315
box 0.31 0.5 0.02 0.442599372 0.8573618523 1.1 0 0 0.5604314255 0.8282008315
box 0.31 0.5 0.02 0.442599372 0.8573618523 1.35 0 0 0.5604314255 0.8282008315
box 0.31 0.5 0.02 0.442599372 0.8573618523 1.6 0 0 0.5604314255 0.8282008315
box 0.31 0.02 0.7 0.442599372 0.8573618523 0.9 0 0 0.5604314255 0.8282008315
cyl 0.03 0.07 0.2021763552 1.061387879 0.44 0 0 0.5604314255 0.8282008315
cyl 0.03 0.07 0.09185068043 0.7824076203 1.44 0 0 0.5604314255 0.8282008315
cyl 0.03 0.07 0.02770411627 0.8081017236 0.44 0 0 0.5604314255 0.8282008315
cyl 0.03 0.07 0.8107447347 0.8176239452 0.69 0 0 0.5604314255 0.8282008315
cyl 0.03 0.07 0.5383317104 0.6035682721 0.69 0 0 0.5604314255 0.8282008315
cyl 0.03 0.07 0.08378357823 1.10881047 0.94 0 0 0.5604314255 0.8282008315
cyl 0.03 0.07 0.1309125305 0.7667612762 0.94 0 0 0.5604314255 0.8282008315
cyl 0.03 0.07 0.6900776991 0.865957497 1.19 0 0 0.5604314255 0.8282008315
cyl 0.03 0.07 0.7626934335 0.5136994947 1.19 0 0 0.5604314255 0.8282008315
cyl 0.03 0.07 0.1341152124 1.088649979 1.44 0 0 0.5604314255 0.8282008315
end
problem bookshelf_thin 65
start 1.57 -1.5707 0 -1.5707 -1.57 3.14
goal -2.874819641 -2.228323594 -1.437471859 0.5339004597 1.915922191 0.005119216307
box 0.02 0.02 0.82 -0.4099289662 1.312743364 0.82 0 0 0.8859268477 0.463824989
box 0.02 0.02 0.82 -1.231758987 0.7430106049 0.82 0 0 0.8859268477 0.463824989
box 0.02 0.02 0.82 -0.06808931076 0.8196453515 0.82 0 0 0.8859268477 0.463824989
box 0.02 0.02 0.82 -0.8899193316 0.2499125924 0.82 0 0 0.8859268477 0.463824989
box 0.31 0.5 0.02 -0.6499241489 0.7813279782 0.35 0 0 0.8859268477 0.463824989
box 0.31 0.5 0.02 -0.6499241489 0.7813279782 0.85 0 0 0.8859268477 0.463824989
box 0.31 0.5 0.02 -0.6499241489 0.7813279782 0.6 0 0 0.8859268477 0.463824989
box 0.31 0.5 0.02 -0.6499241489 0.7813279782 1.1 0 0 0.8859268477 0.463824989
box 0.31 0.5 0.02 -0.6499241489 0.7813279782 1.35 0 0 0.8859268477 0.463824989
box 0.31 0.5 0.02 -0.6499241489 0.7813279782 1.6 0 0 0.8859268477 0.463824989
box 0.31 0.02 0.7 -0.6499241489 0.7813279782 0.9 0 0 0.8859268477 0.463824989
cyl 0.03 0.07 -0.8641248026 0.7545132734 0.44 0 0 0.8859268477 0.463824989
cyl 0.03 0.07 -0.8312735022 0.4122484123 1.44 0 0 0.8859268477 0.463824989
cyl 0.03 0.07 -0.6701426666 0.523952187 0.44 0 0 0.8859268477 0.463824989
cyl 0.03 0.07 -0.5728560574 0.956435011 0.69 0 0 0.8859268477 0.463824989
cyl 0.03 0.07 -0.1846537978 0.8605168119 0.69 0 0 0.8859268477 0.463824989
cyl 0.03 0.07 -0.8933042792 0.7342846333 0.94 0 0 0.8859268477 0.463824989
cyl 0.03 0.07 -0.7142629505 0.4933658486 0.94 0 0 0.8859268477 0.463824989
cyl 0.03 0.07 -0.4094931026 1.0696862 1.19 0 0 0.8859268477 0.463824989
cyl 0.03 0.07 -0.2138765536 0.8402581686 1.19 0 0 0.8859268477 0.463824989
cyl 0.03 0.07 -0.808395891 0.7931472802 1.44 0 0 0.8859268477 0.463824989
end
problem bookshelf_thin 66
start 1.57 -1.5707 0 -1.5707 -1.57 3.14
goal -1.373224164 -1.017622202 1.091073568 -0.07152132077 0.8929741163 -3.134685783
box 0.02 0.02 0.82 1.17393856 0.7538238579 0.82 0 0 0.4222077932 0.9064990785
box 0.02 0.02 0.82 0.4084766085 1.397305017 0.82 0 0 0.4222077932 0.9064990785
box 0.02 0.02 0.82 0.7878498643 0.2945466873 0.82 0 0 0.4222077932 0.9064990785
box 0.02 0.02 0.82 0.02238791331 0.938027846 0.82 0 0 0.4222077932 0.9064990785
box 0.31 0.5 0.02 0.5981632364 0.845925852 0.35 0 0 0.4222077932 0.9064990785
box 0.31 0.5 0.02 0.5981632364 0.845925852 0.85 0 0 0.4222077932 0.9064990785
box 0.31 0.5 0.02 0.5981632364 0.845925852 0.6 0 0 0.4222077932 0.9064990785
box 0.31 0.5 0.02 0.5981632364 0.845925852 1.1 0 0 0.4222077932 0.9064990785
box 0.31 0.5 0.02 0.5981632364 0.845925852 1.35 0 0 0.4222077932 0.9064990785
box 0.31 0.5 0.02 0.5981632364 0.845925852 1.6 0 0 0.4222077932 0.9064990785
box 0.31 0.02 0.7 0.5981632364 0.845925852 0.9 0 0 0.4222077932 0.9064990785
cyl 0.03 0.07 0.3743731772 1.164693736 0.44 0 0 0.4222077932 0.9064990785
cyl 0.03 0.07 0.1778685393 0.937964024 1.44 0 0 0.4222077932 0.9064990785
cyl 0.03 0.07 0.3946984108 0.7556872474 0.44 0 0 0.4222077932 0.9064990785
cyl 0.03 0.07 0.8313737491 0.7805188505 0.69 0 0 0.4222077932 0.9064990785
cyl 0.03 0.07 0.5494941885 0.6255590729 0.69 0 0 0.4222077932 0.9064990785
cyl 0.03 0.07 0.5504211302 1.016700043 0.94 0 0 0.4222077932 0.9064990785
cyl 0.03 0.07 0.422880671 0.7319959936 0.94 0 0 0.4222077932 0.9064990785
cyl 0.03 0.07 1.002735788 0.6364643446 1.19 0 0 0.4222077932 0.9064990785
cyl 0.03 0.07 0.7621663967 0.4467774119 1.19 0 0 0.4222077932 0.9064990785
cyl 0.03 0.07 0.4655282224 1.088064775 1.44 0 0 0.4222077932 0.9064990785
end
problem bookshelf_thin 69
start 1.57 -1.5707 0 -1.5707 -1.57 3.14
goal -0.8890910106 -0.08823068403 1.679535642 1.558491484 -1.1143106 -0.008750142677
box 0.02 0.02 0.82 0.9082598465 0.9061479564 0.82 0 0 0.5380459913 0.8429154828
box 0.02 0.02 0.82 0.001205253334 1.327160979 0.82 0 0 0.5380459913 0.8429154828
box 0.02 0.02 0.82 0.655652033 0.3619152005 0.82 0 0 0.5380459913 0.8429154828
box 0.02 0.02 0.82 -0.2514025601 0.7829282229 0.82 0 0 0.5380459913 0.8429154828
box 0.31 0.5 0.02 0.3284286432 0.8445380896 0.35 0 0 0.5380459913 0.8429154828
box 0.31 0.5 0.02 0.3284286432 0.8445380896 0.85 0 0 0.5380459913 0.8429154828
box 0.31 0.5 0.02 0.3284286432 0.8445380896 0.6 0 0 0.5380459913 0.8429154828
box 0.31 0.5 0.02 0.3284286432 0.8445380896 1.1 0 0 0.5380459913 0.8429154828
box 0.31 0.5 0.02 0.3284286432 0.8445380896 1.35 0 0 0.5380459913 0.8429154828
box 0.31 0.5 0.02 0.3284286432 0.8445380896 1.6 0 0 0.5380459913 0.8429154828
box 0.31 0.02 0.7 0.3284286432 0.8445380896 0.9 0 0 0.5380459913 0.8429154828
cyl 0.03 0.07 -0.03684272228 1.124327204 0.44 0 0 0.5380459913 0.8429154828
cyl 0.03 0.07 0.03022506979 0.7624565779 1.44 0 0 0.5380459913 0.8429154828
cyl 0.03 0.07 -0.06462403781 0.8064811711 0.44 0 0 0.5380459913 0.8429154828
cyl 0.03 0.07 0.7101260756 0.777618645 0.69 0 0 0.5380459913 0.8429154828
cyl 0.03 0.07 0.3743803988 0.6027155035 0.69 0 0 0.5380459913 0.8429154828
cyl 0.03 0.07 0.04566017645 1.086033153 0.94 0 0 0.5380459913 0.8429154828
cyl 0.03 0.07 -0.021986453 0.7866907653 0.94 0 0 0.5380459913 0.8429154828
cyl 0.03 0.07 0.6013489465 0.8281079851 1.19 0 0 0.5380459913 0.8429154828
cyl 0.03 0.07 0.5698053175 0.5120082447 1.19 0 0 0.5380459913 0.8429154828
cyl 0.03 0.07 0.2021208746 1.013411294 1.44 0 0 0.5380459913 0.8429154828
end
problem bookshelf_thin 77
start 1.57 -1.5707 0 -1.5707 -1.57 3.14
goal 2.622446941 -2.611583806 -1.496322787 0.9629033759 1.146364719 0.003488488453
box 0.02 0.02 0.82 1.402884217 0.4086387349 0.82 0 0 0.3119421618 0.9501010934
box 0.02 0.02 0.82 0.8101310391 1.21402291 0.82 0 0 0.3119421618 0.9501010934
box 0.02 0.02 0.82 0.9196537119 0.05298682805 0.82 0 0 0.3119421618 0.9501010934
box 0.02 0.02 0.82 0.3269005338 0.8583710034 0.82 0 0 0.3119421618 0.9501010934
box 0.31 0.5 0.02 0.8648923755 0.6335048691 0.35 0 0 0.3119421618 0.9501010934
box 0.31 0.5 0.02 0.8648923755 0.6335048691 0.85 0 0 0.3119421618 0.9501010934
box 0.31 0.5 0.02 0.8648923755 0.6335048691 0.6 0 0 0.3119421618 0.9501010934
box 0.31 0.5 0.02 0.8648923755 0.6335048691 1.1 0 0 0.3119421618 0.9501010934
box 0.31 0.5 0.02 0.8648923755 0.6335048691 1.35 0 0 0.3119421618 0.9501010934
box 0.31 0.5 0.02 0.8648923755 0.6335048691 1.6 0 0 0.3119421618 0.9501010934
box 0.31 0.02 0.7 0.8648923755 0.6335048691 0.9 0 0 0.3119421618 0.9501010934
cyl 0.03 0.07 0.818476855 0.8652747369 0.44 0 0 0.3119421618 0.9501010934
cyl 0.03 0.07 0.5914178114 0.6676710061 1.44 0 0 0.3119421618 0.9501010934
cyl 0.03 0.07 0.6590699254 0.5757508881 0.44 0 0 0.3119421618 0.9501010934
cyl 0.03 0.07 1.154300067 0.4089858288 0.69 0 0 0.3119421618 0.9501010934
cyl 0.03 0.07 0.8073518273 0.3742776582 0.69 0 0 0.3119421618 0.9501010934
cyl 0.03 0.07 0.8184601839 0.8652973881 0.94 0 0 0.3119421618 0.9501010934
cyl 0.03 0.07 0.6199366522 0.6289219552 0.94 0 0 0.3119421618 0.9501010934
cyl 0.03 0.07 1.036876089 0.568531854 1.19 0 0 0.3119421618 0.9501010934
cyl 0.03 0.07 0.9098698553 0.2349846094 1.19 0 0 0.3119421618 0.9501010934
cyl 0.03 0.07 0.7062197084 1.017800498 1.44 0 0 0.3119421618 0.9501010934
end
problem bookshelf_thin 82
start 1.57 -1.5707 0 -1.5707 -1.57 3.14
goal -3.098117297 -2.084684933 -1.888972326 -2.308359585 -1.185694026 3.132320118
box 0.02 0.02 0.82 0.9528011256 1.002815156 0.82 0 0 0.5745722062 0.818453896
box 0.02 0.02 0.82 0.01227940422 1.342548715 0.82 0 0 0.5745722062 0.818453896
box 0.02 0.02 0.82 0.7489609897 0.4385021229 0.82 0 0 0.5745722062 0.818453896
box 0.02 0.02 0.82 -0.1915607317 0.7782356827 0.82 0 0 0.5745722062 0.818453896
box 0.31 0.5 0.02 0.3806201969 0.8905254192 0.35 0 0 0.5745722062 0.818453896
box 0.31 0.5 0.02 0.3806201969 0.8905254192 0.85 0 0 0.5745722062 0.818453896
box 0.31 0.5 0.02 0.3806201969 0.8905254192 0.6 0 0 0.5745722062 0.818453896
box 0.31 0.5 0.02 0.3806201969 0.8905254192 1.1 0 0 0.5745722062 0.818453896
box 0.31 0.5 0.02 0.3806201969 0.8905254192 1.35 0 0 0.5745722062 0.818453896
box 0.31 0.5 0.02 0.3806201969 0.8905254192 1.6 0 0 0.5745722062 0.818453896
box 0.31 0.02 0.7 0.3806201969 0.8905254192 0.9 0 0 0.5745722062 0.818453896
cyl 0.03 0.07 0.3581058712 1.00498197 0.44 0 0 0.5745722062 0.818453896
cyl 0.03 0.07 0.09853301681 0.7797725086 1.44 0 0 0.5745722062 0.818453896
cyl 0.03 0.07 -0.09677265617 0.8503204715 0.44 0 0 0.5745722062 0.818453896
cyl 0.03 0.07 0.8312034411 0.8340905189 0.69 0 0 0.5745722062 0.818453896
cyl 0.03 0.07 0.4670037891 0.6466741608 0.69 0 0 0.5745722062 0.818453896
cyl 0.03 0.07 0.1409384113 1.083426808 0.94 0 0 0.5745722062 0.818453896
cyl 0.03 0.07 0.1887257665 0.7471932462 0.94 0 0 0.5745722062 0.818453896
cyl 0.03 0.07 0.7703786675 0.8560615339 1.19 0 0 0.5745722062 0.818453896
cyl 0.03 0.07 0.44321258 0.6552679785 1.19 0 0 0.5745722062 0.818453896
cyl 0.03 0.07 0.2060918472 1.059892201 1.44 0 0 0.5745722062 0.818453896
end
problem bookshelf_thin 83
start 1.57 -1.5707 0 -1.5707 -1.57 3.14
goal -1.204006185 -0.4696920462 1.637867927 -1.171490634 0.794569076 -3.139830326
box 0.02 0.02 0.82 0.9170522574 0.9409162673 0.82 0 0 0.5415085627 0.8406952341
box 0.02 0.02 0.82 0.006564921723 1.35445322 0.82 0 0 0.5415085627 0.8406952341
box 0.02 0.02 0.82 0.6689300855 0.3946238659 0.82 0 0 0.5415085627 0.8406952341
box 0.02 0.02 0.82 -0.2415572502 0.8081608191 0.82 0 0 0.5415085627 0.8406952341
box 0.31 0.5 0.02 0.3377475036 0.8745385432 0.35 0 0 0.5415085627 0.8406952341
box 0.31 0.5 0.02 0.3377475036 0.8745385432 0.85 0 0 0.5415085627 0.8406952341
box 0.31 0.5 0.02 0.3377475036 0.8745385432 0.6 0 0 0.5415085627 0.8406952341
box 0.31 0.5 0.02 0.3377475036 0.8745385432 1.1 0 0 0.5415085627 0.8406952341
box 0.31 0.5 0.02 0.3377475036 0.8745385432 1.35 0 0 0.5415085627 0.8406952341
box 0.31 0.5 0.02 0.3377475036 0.8745385432 1.6 0 0 0.5415085627 0.8406952341
box 0.31 0.02 0.7 0.3377475036 0.8745385432 0.9 0 0 0.5415085627 0.8406952341
cyl 0.03 0.07 0.09722266852 1.093614526 0.44 0 0 0.5415085627 0.8406952341
cyl 0.03 0.07 -0.07787879518 0.8436505059 1.44 0 0 0.5415085627 0.8406952341
cyl 0.03 0.07 -0.03168152356 0.8226680296 0.44 0 0 0.5415085627 0.8406952341
cyl 0.03 0.07 0.7783244875 0.784262863 0.69 0 0 0.5415085627 0.8406952341
cyl 0.03 0.07 0.5744582795 0.5473635882 0.69 0 0 0.5415085627 0.8406952341
cyl 0.03 0.07 0.1533755189 1.068110295 0.94 0 0 0.5415085627 0.8406952341
cyl 0.03 0.07 -0.1163989051 0.8611460693 0.94 0 0 0.5415085627 0.8406952341
cyl 0.03 0.07 0.6133583576 0.8591893206 1.19 0 0 0.5415085627 0.8406952341
cyl 0.03 0.07 0.3722074855 0.6392244784 1.19 0 0 0.5415085627 0.8406952341
cyl 0.03 0.07 0.2185235651 1.03852051 1.44 0 0 0.5415085627 0.8406952341
end
problem bookshelf_thin 87
start 1.57 -1.5707 0 -1.5707 -1.57 3.14
goal -1.552243541 -0.8880640712 1.591435005 -0.7075481442 1.414254724 -3.13520749
box 0.02 0.02 0.82 1.434560708 -0.3583658762 0.82 0 0 0.08207145957 0.9966264473
box 0.02 0.02 0.82 1.270971533 0.6281626749 0.82 0 0 0.08207145957 0.9966264473
box 0.02 0.02 0.82 0.8426435772 -0.4565193808 0.82 0 0 0.08207145957 0.9966264473
box 0.02 0.02 0.82 0.6790544028 0.5300091702 0.82 0 0 0.08207145957 0.9966264473
box 0.31 0.5 0.02 1.056807555 0.08582164703 0.35 0 0 0.08207145957 0.9966264473
box 0.31 0.5 0.02 1.056807555 0.08582164703 0.85 0 0 0.08207145957 0.9966264473
box 0.31 0.5 0.02 1.056807555 0.08582164703 0.6 0 0 0.08207145957 0.9966264473
box 0.31 0.5 0.02 1.056807555 0.08582164703 1.1 0 0 0.08207145957 0.9966264473
box 0.31 0.5 0.02 1.056807555 0.08582164703 1.35 0 0 0.08207145957 0.9966264473
box 0.31 0.5 0.02 1.056807555 0.08582164703 1.6 0 0 0.08207145957 0.9966264473
box 0.31 0.02 0.7 1.056807555 0.08582164703 0.9 0 0 0.08207145957 0.9966264473
cyl 0.03 0.07 1.09835171 0.4465759881 0.44 0 0 0.08207145957 0.9966264473
cyl 0.03 0.07 0.8189002227 0.2979528972 1.44 0 0 0.08207145957 0.9966264473
cyl 0.03 0.07 0.8229942277 0.2732638995 0.44 0 0 0.08207145957 0.9966264473
cyl 0.03 0.07 1.208043365 -0.2149222382 0.69 0 0 0.08207145957 0.9966264473
cyl 0.03 0.07 0.9302856472 -0.3737596527 0.69 0 0 0.08207145957 0.9966264473
cyl 0.03 0.07 1.09850083 0.4456767193 0.94 0 0 0.08207145957 0.9966264473
cyl 0.03 0.07 0.84053171 0.1675036797 0.94 0 0 0.08207145957 0.9966264473
cyl 0.03 0.07 1.193266084 -0.1258074844 1.19 0 0 0.08207145957 0.9966264473
cyl 0.03 0.07 0.8813084285 -0.07840132717 1.19 0 0 0.08207145957 0.9966264473
cyl 0.03 0.07 1.135452576 0.2228383033 1.44 0 0 0.08207145957 0.9966264473
end
problem bookshelf_thin 90
start 1.57 -1.5707 0 -1.5707 -1.57 3.14
goal 3.004702599 -3.122670257 -1.237564316 1.208905482 1.725920592 -0.008135969771
box 0.02 0.02 0.82 0.3962121915 1.327080658 0.82 0 0 0.7100279248 0.7041735198
box 0.02 0.02 0.82 -0.6037535345 1.31880135 0.82 0 0 0.7100279248 0.7041735198
box 0.02 0.02 0.82 0.4011797763 0.7271012223 0.82 0 0 0.7100279248 0.7041735198
box 0.02 0.02 0.82 -0.5987859496 0.7188219142 0.82 0 0 0.7100279248 0.7041735198
box 0.31 0.5 0.02 -0.1012868791 1.022951286 0.35 0 0 0.7100279248 0.7041735198
box 0.31 0.5 0.02 -0.1012868791 1.022951286 0.85 0 0 0.7100279248 0.7041735198
box 0.31 0.5 0.02 -0.1012868791 1.022951286 0.6 0 0 0.7100279248 0.7041735198
box 0.31 0.5 0.02 -0.1012868791 1.022951286 1.1 0 0 0.7100279248 0.7041735198
box 0.31 0.5 0.02 -0.1012868791 1.022951286 1.35 0 0 0.7100279248 0.7041735198
box 0.31 0.5 0.02 -0.1012868791 1.022951286 1.6 0 0 0.7100279248 0.7041735198
box 0.31 0.02 0.7 -0.1012868791 1.022951286 0.9 0 0 0.7100279248 0.7041735198
cyl 0.03 0.07 -0.3957096574 1.120517013 0.44 0 0 0.7100279248 0.7041735198
cyl 0.03 0.07 -0.5166305635 0.8195055548 1.44 0 0 0.7100279248 0.7041735198
cyl 0.03 0.07 -0.500398585 0.819639949 0.44 0 0 0.7100279248 0.7041735198
cyl 0.03 0.07 -0.005087200659 1.123751208 0.69 0 0 0.7100279248 0.7041735198
cyl 0.03 0.07 0.1810200872 0.8252818175 0.69 0 0 0.7100279248 0.7041735198
cyl 0.03 0.07 -0.4332470006 1.120206219 0.94 0 0 0.7100279248 0.7041735198
cyl 0.03 0.07 -0.3218705986 0.8211180878 0.94 0 0 0.7100279248 0.7041735198
cyl 0.03 0.07 -0.01560106545 1.123664157 1.19 0 0 0.7100279248 0.7041735198
cyl 0.03 0.07 0.2394781037 0.825765826 1.19 0 0 0.7100279248 0.7041735198
cyl 0.03 0.07 -0.2440286361 1.12177287 1.44 0 0 0.7100279248 0.7041735198
end
problem bookshelf_thin 93
start 1.57 -1.5707 0 -1.5707 -1.57 3.14
goal -0.0136610562 -0.2417557513 1.01405505 -0.7833420082 0.8645730255 -3.138863758
box 0.02 0.02 0.82 -0.5128797042 1.373553864 0.82 0 0 0.9058961598 0.4234998791
box 0.02 0.02 0.82 -1.280173533 0.7322581587 0.82 0 0 0.9058961598 0.4234998791
box 0.02 0.02 0.82 -0.1281022813 0.9131775665 0.82 0 0 0.9058961598 0.4234998791
box 0.02 0.02 0.82 -0.8953961097 0.2718818617 0.82 0 0 0.9058961598 0.4234998791
box 0.31 0.5 0.02 -0.7041379069 0.8227178626 0.35 0 0 0.9058961598 0.4234998791
box 0.31 0.5 0.02 -0.7041379069 0.8227178626 0.85 0 0 0.9058961598 0.4234998791
box 0.31 0.5 0.02 -0.7041379069 0.8227178626 0.6 0 0 0.9058961598 0.4234998791
box 0.31 0.5 0.02 -0.7041379069 0.8227178626 1.1 0 0 0.9058961598 0.4234998791
box 0.31 0.5 0.02 -0.7041379069 0.8227178626 1.35 0 0 0.9058961598 0.4234998791
box 0.31 0.5 0.02 -0.7041379069 0.8227178626 1.6 0 0 0.9058961598 0.4234998791
box 0.31 0.02 0.7 -0.7041379069 0.8227178626 0.9 0 0 0.9058961598 0.4234998791
cyl 0.03 0.07 -0.9779953291 0.724159024 0.44 0 0 0.9058961598 0.4234998791
cyl 0.03 0.07 -0.6879232687 0.5756135395 1.44 0 0 0.9058961598 0.4234998791
cyl 0.03 0.07 -0.6946395815 0.5700001194 0.44 0 0 0.9058961598 0.4234998791
cyl 0.03 0.07 -0.5640181168 1.070156605 0.69 0 0 0.9058961598 0.4234998791
cyl 0.03 0.07 -0.2800397604 0.9165180695 0.69 0 0 0.9058961598 0.4234998791
cyl 0.03 0.07 -0.957317409 0.7414414012 0.94 0 0 0.9058961598 0.4234998791
cyl 0.03 0.07 -0.6729012163 0.5881688049 0.94 0 0 0.9058961598 0.4234998791
cyl 0.03 0.07 -0.6345771558 1.011184139 1.19 0 0 0.9058961598 0.4234998791
cyl 0.03 0.07 -0.3599704655 0.8497128692 1.19 0 0 0.9058961598 0.4234998791
cyl 0.03 0.07 -1.038072533 0.6739471604 1.44 0 0 0.9058961598 0.4234998791
end
problem table_under_pick 13
start -0.7821276346 -0.9465394389 2.143405198 -1.198099071 1.329265219 -3.138569944
goal -0.7882085508 -1.330530056 1.351318915 -0.02290102828 1.322913322 3.141029052
box 0.125 0.125 0.125 0.1027692771 0.7776532326 1.338696301 0 0 0.87603601 0.4822456938
box 0.1 0.01 0.2 0.7513036422 0.7720711407 1.388696301 0 0 0.7198533613 0.6941261688
box 0.01 0.1 0.2 0.09798913994 0.647567091 1.388696301 0 0 0.9554650512 0.2951042799
box 0.1 0.025 0.175 0.4700539291 0.3041536681 1.388696301 0 0 0.8115663908 0.5842602102
box 0.1 0.025 0.175 0.2866503228 0.8894115811 1.388696301 0 0 0.8839921762 0.4675016925
box 0.025 0.025 0.35 0.00401129342 1.677748467 0.8386963007 0 0 0.4917506643 0.8707360588
box 0.025 0.025 0.35 -0.460715018 0.9070154033 0.8386963007 0 0 0.4917506643 0.8707360588
box 0.025 0.025 0.35 1.459840414 0.799932101 0.8386963007 0 0 0.4917506643 0.8707360588
box 0.025 0.025 0.35 0.9951141023 0.02919903731 0.8386963007 0 0 0.4917506643 0.8707360588
box 0.6 1 0.02 0.4995626979 0.8534737522 1.188696301 0 0 0.4917506643 0.8707360588
cyl 0.03 0.06 0.4190174611 0.6669552684 1.288696301 0 0 0.4917506643 0.8707360588
cyl 0.05 0.175 0.5628577488 1.14870481 1.338696301 0 0 0.6764917859 0.7364501773
end
problem table_under_pick 14
start -1.80253746 -0.8722262018 1.931293111 -1.05586542 1.164882787 -3.140055388
goal -1.674014739 -1.12190153 1.057913718 0.06172373631 1.295355055 -3.141475612
box 0.125 0.125 0.125 0.5784065105 0.508988269 1.342112447 0 0 0.01259298223 0.9999207053
box 0.1 0.01 0.2 1.160567312 -0.08171499228 1.392112447 0 0 -0.2822215457 0.9593492582
box 0.01 0.1 0.2 0.5234776502 0.2282342331 1.392112447 0 0 0.5446479434 0.8386647827
box 0.1 0.025 0.175 0.7931774993 -0.1776561688 1.392112447 0 0 0.06787763728 0.9976936536
box 0.1 0.025 0.175 0.9535023821 0.3316620126 1.392112447 0 0 -0.6228811908 0.7823164463
box 0.025 0.025 0.35 1.348055975 1.014249763 0.8421124472 0 0 0.08652575271 0.9962496144
box 0.025 0.025 0.35 0.4615320455 0.8590875166 0.8421124472 0 0 0.08652575271 0.9962496144
box 0.025 0.025 0.35 1.641140217 -0.6602954374 0.8421124472 0 0 0.08652575271 0.9962496144
box 0.025 0.025 0.35 0.7546162879 -0.8154576834 0.8421124472 0 0 0.08652575271 0.9962496144
box 0.6 1 0.02 1.051336131 0.0993960396 1.192112447 0 0 0.08652575271 0.9962496144
cyl 0.03 0.06 0.8624416471 0.09727153827 1.292112447 0 0 0.08652575271 0.9962496144
cyl 0.05 0.175 1.425711261 0.2166347874 1.342112447 0 0 0.2694861736 0.9630042587
end
problem table_under_pick 47
start -0.2128493095 -0.9005565422 2.173639122 -1.272316505 1.137285669 3.138563865
goal -0.2229180665 -1.370589202 1.455816233 -0.08493817502 1.125344421 3.140666189
box 0.125 0.125 0.125 -0.4765973228 0.6346398898 1.316958766 0 0 0.9938182128 0.1110196377
box 0.1 0.01 0.2 0.109362505 1.052437435 1.366958766 0 0 0.9987522045 0.04994030526
box 0.01 0.1 0.2 -0.1794732521 0.5629894657 1.366958766 0 0 0.5156707577 0.8567868286
box 0.1 0.025 0.175 0.1703114537 0.6729826522 1.366958766 0 0 0.6088001835 0.7933236014
box 0.1 0.025 0.175 -0.3287538803 0.851778439 1.366958766 0 0 0.99941978 -0.03406029005
box 0.025 0.025 0.35 -1.080386549 1.216456225 0.8169587659 0 0 0.7801501862 0.6255922689
box 0.025 0.025 0.35 -0.884844785 0.3379555596 0.8169587659 0 0 0.7801501862 0.6255922689
box 0.025 0.025 0.35 0.5790035967 1.585812889 0.8169587659 0 0 0.7801501862 0.6255922689
box 0.025 0.025 0.35 0.7745453603 0.7073122241 0.8169587659 0 0 0.7801501862 0.6255922689
box 0.6 1 0.02 -0.1529205942 0.9618842244 1.166958766 0 0 0.7801501862 0.6255922689
cyl 0.03 0.06 -0.06253204528 0.7631557128 1.266958766 0 0 0.7801501862 0.6255922689
cyl 0.05 0.175 -0.1904177559 1.300300211 1.316958766 0 0 0.7056975865 0.7085131731
end
problem table_under_pick 57
start 1.915668616 -3.008060208 -1.407666788 1.274020948 1.455715476 -0.001702980547
goal 1.933772203 -2.211320732 -1.045516594 -3.025546985 -1.438439703 -3.139040701
box 0.125 0.125 0.125 0.8119468464 0.5666102656 1.229621105 0 0 0.5218457288 0.8530398791
box 0.1 0.01 0.2 1.229624148 0.1158821524 1.279621105 0 0 -0.2334535507 0.9723679549
box 0.01 0.1 0.2 0.62085266 0.3911521034 1.279621105 0 0 0.6760349597 0.7368695497
box 0.1 0.025 0.175 0.8331745831 0.01097585549 1.279621105 0 0 -0.3337183937 0.9426728137
box 0.1 0.025 0.175 1.027637656 0.4870885055 1.279621105 0 0 0.09385563592 0.9955858173
box 0.025 0.025 0.35 1.355088247 1.139183648 0.729621105 0 0 0.1135980567 0.9935267895
box 0.025 0.025 0.35 0.4783163807 0.9360307657 0.729621105 0 0 0.1135980567 0.9935267895
box 0.025 0.025 0.35 1.73882147 -0.5169409888 0.729621105 0 0 0.1135980567 0.9935267895
box 0.025 0.025 0.35 0.8620496035 -0.7200938715 0.729621105 0 0 0.1135980567 0.9935267895
box 0.6 1 0.02 1.108568925 0.2095448884 1.079621105 0 0 0.1135980567 0.9935267895
cyl 0.03 0.06 0.9156334517 0.1899307113 1.179621105 0 0 0.1135980567 0.9935267895
cyl 0.05 0.175 1.438565272 0.3455496612 1.229621105 0 0 0.6339964237 0.7733359779
end
problem bookshelf_small 4
start 1.57 -1.5707 0 -1.5707 -1.57 3.14
goal -1.49800313 -1.252048135 -1.334910735 2.577866542 -1.401259859 -3.132931999
box 0.6 0.5 0.02 -0.9865217048 0.1505288718 1.388193433 0 0 0.9986308641 0.05231058553
box 0.6 0.5 0.02 -0.9865217048 0.1505288718 1.688193433 0 0 0.9986308641 0.05231058553
box 0.6 0.02 0.17 -0.9342827396 0.6477924744 1.538193433 0 0 0.9986308641 0.05231058553
box 0.6 0.02 0.17 -1.03876067 -0.3467347309 1.538193433 0 0 0.9986308641 0.05231058553
cyl 0.03 0.07 -0.8433608754 0.556139314 1.468193433 0 0 0.9986308641 0.05231058553
cyl 0.03 0.07 -0.6676455209 0.3144968977 1.468193433 0 0 0.9986308641 0.05231058553
cyl 0.03 0.07 -0.4862281861 0.1271317301 1.468193433 0 0 0.9986308641 0.05231058553
end
problem bookshelf_small 5
start 1.57 -1.5707 0 -1.5707 -1.57 3.14
goal -3.120843129 -1.814338939 -1.22320632 -0.1092715545 2.567224933 -0.00293320172
box 0.6 0.5 0.02 -0.7587970758 0.5913249256 1.421445618 0 0 0.9630309288 0.2693908502
box 0.6 0.5 0.02 -0.7587970758 0.5913249256 1.721445618 0 0 0.9630309288 0.2693908502
box 0.6 0.02 0.17 -0.4993653551 1.018753495 1.571445618 0 0 0.9630309288 0.2693908502
box 0.6 0.02 0.17 -1.018228797 0.1638963558 1.571445618 0 0 0.9630309288 0.2693908502
cyl 0.03 0.07 -0.8662375821 0.2215816203 1.501445618 0 0 0.9630309288 0.2693908502
cyl 0.03 0.07 -0.6095198329 0.2590808912 1.501445618 0 0 0.9630309288 0.2693908502
cyl 0.03 0.07 -0.1451950821 0.6386245488 1.501445618 0 0 0.9630309288 0.2693908502
end
problem bookshelf_small 35
start 1.57 -1.5707 0 -1.5707 -1.57 3.14
goal -1.115045221 -2.020728989 2.014293796 0.009808090292 1.705699887 -3.141250962
box 0.6 0.5 0.02 0.9295846537 0.2949572658 1.167504339 0 0 0.1625049998 0.9867077202
box 0.6 0.5 0.02 0.9295846537 0.2949572658 1.467504339 0 0 0.1625049998 0.9867077202
box 0.6 0.02 0.17 1.089929592 -0.1786348592 1.317504339 0 0 0.1625049998 0.9867077202
box 0.6 0.02 0.17 0.7692397158 0.7685493909 1.317504339 0 0 0.1625049998 0.9867077202
cyl 0.03 0.07 0.7704470114 0.4531558004 1.247504339 0 0 0.1625049998 0.9867077202
cyl 0.03 0.07 0.7547221372 -0.1240549592 1.247504339 0 0 0.1625049998 0.9867077202
cyl 0.03 0.07 0.4055991087 0.28345349 1.247504339 0 0 0.1625049998 0.9867077202
end
problem bookshelf_small 64
start 1.57 -1.5707 0 -1.5707 -1.57 3.14
goal 0.1871405454 -1.562599121 2.071055702 -0.5189844036 2.15947724 -3.138666529
box 0.6 0.5 0.02 0.4903275344 0.885955574 1.008918646 0 0 0.5475076224 0.8368006951
box 0.6 0.5 0.02 0.4903275344 0.885955574 1.308918646 0 0 0.5475076224 0.8368006951
box 0.6 0.02 0.17 0.9484822934 0.6857201706 1.158918646 0 0 0.5475076224 0.8368006951
box 0.6 0.02 0.17 0.03217277533 1.086190977 1.158918646 0 0 0.5475076224 0.8368006951
cyl 0.03 0.07 0.6714959195 0.6976429504 1.088918646 0 0 0.5475076224 0.8368006951
cyl 0.03 0.07 0.7623323377 0.4396762601 1.088918646 0 0 0.5475076224 0.8368006951
cyl 0.03 0.07 -0.06362017556 0.582389903 1.088918646 0 0 0.5475076224 0.8368006951
end
problem bookshelf_small 69
start 1.57 -1.5707 0 -1.5707 -1.57 3.14
goal 1.940183564 -2.073465911 -2.216026659 1.141337267 2.33164834 -0.003957501987
box 0.6 0.5 0.02 0.3726097299 0.8967475491 0.9816307293 0 0 0.5354267884 0.8445816445
box 0.6 0.5 0.02 0.3726097299 0.8967475491 1.281630729 0 0 0.5354267884 0.8445816445
box 0.6 0.02 0.17 0.8248213674 0.6834293948 1.131630729 0 0 0.5354267884 0.8445816445
box 0.6 0.02 0.17 -0.07960190754 1.110065703 1.131630729 0 0 0.5354267884 0.8445816445
cyl 0.03 0.07 -0.02206007687 0.9723542604 1.061630729 0 0 0.5354267884 0.8445816445
cyl 0.03 0.07 0.2855958405 0.6060908148 1.061630729 0 0 0.5354267884 0.8445816445
cyl 0.03 0.07 0.5021946274 0.2827810163 1.061630729 0 0 0.5354267884 0.8445816445
end
problem bookshelf_small 80
start 1.57 -1.5707 0 -1.5707 -1.57 3.14
goal -0.3996260223 -1.948631059 2.07803295 -0.1770175633 0.2001649583 -3.091564092
box 0.6 0.5 0.02 -0.7680807654 0.53379272 1.1231035 0 0 0.954426585 0.2984457971
box 0.6 0.5 0.02 -0.7680807654 0.53379272 1.4231035 0 0 0.954426585 0.2984457971
box 0.6 0.02 0.17 -0.4832361624 0.9447228262 1.2731035 0 0 0.954426585 0.2984457971
box 0.6 0.02 0.17 -1.052925368 0.1228626138 1.2731035 0 0 0.954426585 0.2984457971
cyl 0.03 0.07 -0.7949045775 0.3195611307 1.2031035 0 0 0.954426585 0.2984457971
cyl 0.03 0.07 -0.7604248238 0.01823461697 1.2031035 0 0 0.954426585 0.2984457971
cyl 0.03 0.07 -0.2407707644 0.41684318 1.2031035 0 0 0.954426585 0.2984457971
end
problem bookshelf_small 85
start 1.57 -1.5707 0 -1.5707 -1.57 3.14
goal -2.568842068 -1.790412509 -1.75294229 -2.731054303 -2.343045435 -3.12729853
box 0.6 0.5 0.02 -0.9823115221 0.3053173843 1.040305787 0 0 0.9938911694 0.1103645934
box 0.6 0.5 0.02 -0.9823115221 0.3053173843 1.340305787 0 0 0.9938911694 0.1103645934
box 0.6 0.02 0.17 -0.8726211273 0.7931370408 1.190305787 0 0 0.9938911694 0.1103645934
box 0.6 0.02 0.17 -1.092001917 -0.1825022722 1.190305787 0 0 0.9938911694 0.1103645934
cyl 0.03 0.07 -0.8417323788 0.4746783335 1.120305787 0 0 0.9938911694 0.1103645934
cyl 0.03 0.07 -0.6059827449 0.6114569954 1.120305787 0 0 0.9938911694 0.1103645934
cyl 0.03 0.07 -0.4250082993 0.5046371766 1.120305787 0 0 0.9938911694 0.1103645934
end
problem bookshelf_small 91
start 1.57 -1.5707 0 -1.5707 -1.57 3.14
goal -1.072150327 -1.136078221 2.262007627 -1.146055176 0.3017698237 -3.121244905
box 0.6 0.5 0.02 -0.1613027657 0.9826515808 0.8066409664 0 0 0.7735198506 0.6337720732
box 0.6 0.5 0.02 -0.1613027657 0.9826515808 1.106640966 0 0 0.7735198506 0.6337720732
box 0.6 0.02 0.17 0.3289325136 1.08098454 0.9566409664 0 0 0.7735198506 0.6337720732
box 0.6 0.02 0.17 -0.6515380451 0.8843186215 0.9566409664 0 0 0.7735198506 0.6337720732
cyl 0.03 0.07 -0.3625016618 0.8403026194 0.8866409664 0 0 0.7735198506 0.6337720732
cyl 0.03 0.07 0.05412041627 0.71988632 0.8866409664 0 0 0.7735198506 0.6337720732
cyl 0.03 0.07 0.1961453719 0.5443904521 0.8866409664 0 0 0.7735198506 0.6337720732
end
problem bookshelf_small 92
start 1.57 -1.5707 0 -1.5707 -1.57 3.14
goal -1.849912414 -2.515466963 1.503416907 -2.131991561 1.6286112 0.006986321771
box 0.6 0.5 0.02 -0.9104411544 0.123678241 1.553432123 0 0 0.9941297726 0.1081942479
box 0.6 0.5 0.02 -0.9104411544 0.123678241 1.853432123 0 0 0.9941297726 0.1081942479
box 0.6 0.02 0.17 -0.8028820314 0.6119722457 1.703432123 0 0 0.9941297726 0.1081942479
box 0.6 0.02 0.17 -1.018000278 -0.3646157637 1.703432123 0 0 0.9941297726 0.1081942479
cyl 0.03 0.07 -0.8642685318 -0.1315691467 1.633432123 0 0 0.9941297726 0.1081942479
cyl 0.03 0.07 -0.6464591542 -0.07248523943 1.633432123 0 0 0.9941297726 0.1081942479
cyl 0.03 0.07 -0.3800833745 0.2070791097 1.633432123 0 0 0.9941297726 0.1081942479
end
problem bookshelf_small 95
start 1.57 -1.5707 0 -1.5707 -1.57 3.14
goal 1.259347262 -1.174350649 2.228396553 -1.047488422 2.317184101 3.136577717
box 0.6 0.5 0.02 -0.4521054527 0.8655082712 0.8269303871 0 0 0.8648402576 0.502047138
box 0.6 0.5 0.02 -0.4521054527 0.8655082712 1.126930387 0 0 0.8648402576 0.502047138
box 0.6 0.02 0.17 -0.01791487651 1.113456942 0.9769303871 0 0 0.8648402576 0.502047138
box 0.6 0.02 0.17 -0.8862960289 0.6175596 0.9769303871 0 0 0.8648402576 0.502047138
cyl 0.03 0.07 -0.1454329833 0.9254797047 0.9069303871 0 0 0.8648402576 0.502047138
cyl 0.03 0.07 0.07291121598 0.8198536307 0.9069303871 0 0 0.8648402576 0.502047138
cyl 0.03 0.07 -0.5167423295 0.2528127354 0.9069303871 0 0 0.8648402576 0.502047138
end
problem bookshelf_small 97
start 1.57 -1.5707 0 -1.5707 -1.57 3.14
goal 0.358323026 -1.958090228 1.054392003 0.9039226298 1.132384399 3.13658539
box 0.6 0.5 0.02 -0.6361767342 0.6432711506 1.485558625 0 0 0.925689919 0.3782831927
box 0.6 0.5 0.02 -0.6361767342 0.6432711506 1.785558625 0 0 0.925689919 0.3782831927
box 0.6 0.02 0.17 -0.2860037962 1.000172977 1.635558625 0 0 0.925689919 0.3782831927
box 0.6 0.02 0.17 -0.9863496722 0.2863693245 1.635558625 0 0 0.925689919 0.3782831927
cyl 0.03 0.07 -0.8369090572 0.2958949847 1.565558625 0 0 0.925689919 0.3782831927
cyl 0.03 0.07 -0.7003132759 0.1495423952 1.565558625 0 0 0.925689919 0.3782831927
cyl 0.03 0.07 -0.3316928337 0.2396730294 1.565558625 0 0 0.925689919 0.3782831927
end
problem table_pick 27
start 1.57 -1.5707 0 -1.5707 -1.57 3.14
goal -1.497107363 -1.171505068 2.014842249 -0.84292513 1.335412463 3.138943551
box 0.125 0.125 0.125 0.4679828593 0.4315990493 1.032513169 0 0 -0.001731783255 0.9999985005
box 0.1 0.01 0.2 0.9996886798 0.1746935919 1.082513169 0 0 -0.5817541781 0.8133646638
box 0.01 0.1 0.2 0.3655395338 0.362753339 1.082513169 0 0 -0.08887425765 0.9960428537
box 0.1 0.025 0.175 0.5149562459 -0.05883387406 1.082513169 0 0 0.3855015828 0.9227071744
box 0.1 0.025 0.175 0.8105787409 0.3270896597 1.082513169 0 0 0.7660597063 0.6427694193
box 0.025 0.025 0.35 1.076888568 1.199077167 0.532513169 0 0 0.1548012618 0.9879456308
box 0.025 0.025 0.35 0.2200227432 0.9237937524 0.532513169 0 0 0.1548012618 0.9879456308
box 0.025 0.025 0.35 1.596868351 -0.4194471691 0.532513169 0 0 0.1548012618 0.9879456308
box 0.025 0.025 0.35 0.7400025258 -0.6947305834 0.532513169 0 0 0.1548012618 0.9879456308
box 0.6 1 0.02 0.9084455469 0.2521732916 0.882513169 0 0 0.1548012618 0.9879456308
cyl 0.03 0.06 0.6857889598 0.226001436 0.982513169 0 0 0.1548012618 0.9879456308
cyl 0.05 0.175 1.235269429 0.3205764357 1.032513169 0 0 -0.02278491184 0.9997403902
end
problem table_pick 64
start 1.57 -1.5707 0 -1.5707 -1.57 3.14
goal -1.236016052 -1.050271917 1.790670544 -0.7433815314 1.507143568 3.14159265
box 0.125 0.125 0.125 0.5231152912 0.7061305976 1.038250686 0 0 0.345299125 0.9384926821
box 0.1 0.01 0.2 0.9000261702 0.2833566658 1.088250686 0 0 0.7688873529 0.6393842652
box 0.01 0.1 0.2 0.3940113105 0.4740862863 1.088250686 0 0 -0.3585511086 0.9335100977
box 0.1 0.025 0.175 0.6207959137 0.0397239224 1.088250686 0 0 0.7077579587 0.7064550034
box 0.1 0.025 0.175 0.7875096048 0.6112158386 1.088250686 0 0 0.533116812 0.8460416448
box 0.025 0.025 0.35 1.023719764 1.391231067 0.5382506863 0 0 0.197846339 0.9802330468
box 0.025 0.025 0.35 0.1941774766 1.042147132 0.5382506863 0 0 0.197846339 0.9802330468
box 0.025 0.025 0.35 1.683100531 -0.1756821416 0.5382506863 0 0 0.197846339 0.9802330468
box 0.025 0.025 0.35 0.8535582437 -0.5247660771 0.5382506863 0 0 0.197846339 0.9802330468
box 0.6 1 0.02 0.9386390037 0.433232495 0.8882506863 0 0 0.197846339 0.9802330468
cyl 0.03 0.06 0.6980025573 0.3768520402 0.9882506863 0 0 0.197846339 0.9802330468
cyl 0.05 0.175 1.209930308 0.6263033173 1.038250686 0 0 -0.1847943752 0.9827772072
end
problem cage 5
start 1.57 -1.5707 0 -1.5707 -1.57 3.14
goal -0.1978106579 -0.3006593815 1.008342217 -2.27111041 -1.580650342 -0.04250241112
box 0.035 0.035 0.035 0.1120943668 0.8018421106 0.5488423064 0 0 0.6529022025 0.7574422182
box 0.35 0.35 0.02 0.1120943668 0.8018421106 0.4688423064 0 0 0.6529022025 0.7574422182
box 0.02 0.35 0.35 0.1636974665 1.148017095 0.8288423064 0 0 0.6529022025 0.7574422182
box 0.325 0.325 0.02 0.1194662382 0.8512956799 1.178842306 0 0 0.6529022025 0.7574422182
box 0.02 0.35 0.02 0.06049126707 0.4556671258 0.6288423064 0 0 0.6529022025 0.7574422182
box 0.02 0.35 0.02 0.06049126707 0.4556671258 0.9288423064 0 0 0.6529022025 0.7574422182
box 0.35 0.02 0.35 0.4582693516 0.7502390109 0.8288423064 0 0 0.6529022025 0.7574422182
box 0.35 0.02 0.35 -0.234080618 0.8534452104 0.8288423064 0 0 0.6529022025 0.7574422182
end
problem cage 10
start 1.57 -1.5707 0 -1.5707 -1.57 3.14
goal -0.351156758 -0.5664071731 1.369625622 -2.380478999 -1.56790133 -0.02885706607
box 0.035 0.035 0.035 0.1909864174 0.7092775036 0.6186016113 0 0 0.5808151642 0.8140354691
box 0.35 0.35 0.02 0.1909864174 0.7092775036 0.5386016113 0 0 0.5808151642 0.8140354691
box 0.02 0.35 0.35 0.3048440389 1.040240405 0.8986016113 0 0 0.5808151642 0.8140354691
box 0.325 0.325 0.02 0.2072517919 0.756557918 1.248601611 0 0 0.5808151642 0.8140354691
box 0.02 0.35 0.02 0.07712879589 0.3783146023 0.6986016113 0 0 0.5808151642 0.8140354691
box 0.02 0.35 0.02 0.07712879589 0.3783146023 0.9986016113 0 0 0.5808151642 0.8140354691
box 0.35 0.02 0.35 0.5219493187 0.5954198821 0.8986016113 0 0 0.5808151642 0.8140354691
box 0.35 0.02 0.35 -0.1399764839 0.8231351251 0.8986016113 0 0 0.5808151642 0.8140354691
end
problem cage 19
start 1.57 -1.5707 0 -1.5707 -1.57 3.14
goal -0.5505266695 -0.6510707521 1.446232359 -2.357925947 -1.567196869 -0.1921754754
box 0.035 0.035 0.035 0.3417678699 0.6606925308 0.6521968917 0 0 0.5655169547 0.8247366694
box 0.35 0.35 0.02 0.3417678699 0.6606925308 0.5721968917 0 0 0.5655169547 0.8247366694
box 0.02 0.35 0.35 0.4679012716 0.9871743297 0.9321968917 0 0 0.5655169547 0.8247366694
box 0.325 0.325 0.02 0.3597869273 0.7073327878 1.282196892 0 0 0.5655169547 0.8247366694
box 0.02 0.35 0.02 0.2156344682 0.334210732 0.7321968917 0 0 0.5655169547 0.8247366694
box 0.02 0.35 0.02 0.2156344682 0.334210732 1.032196892 0 0 0.5655169547 0.8247366694
box 0.35 0.02 0.35 0.6682496687 0.5345591291 0.9321968917 0 0 0.5655169547 0.8247366694
box 0.35 0.02 0.35 0.01528607107 0.7868259326 0.9321968917 0 0 0.5655169547 0.8247366694
end
problem cage 22
start 1.57 -1.5707 0 -1.5707 -1.57 3.14
goal -0.2587367484 -0.2649653648 0.9238580175 -2.225598491 -1.578193184 -0.190254238
box 0.035 0.035 0.035 0.1265907972 0.7891558243 0.5503325697 0 0 0.6799234591 0.7332830898
box 0.35 0.35 0.02 0.1265907972 0.7891558243 0.4703325697 0 0 0.6799234591 0.7332830898
box 0.02 0.35 0.35 0.15298366 1.138159287 0.8303325697 0 0 0.6799234591 0.7332830898
box 0.325 0.325 0.02 0.1303612062 0.8390134618 1.18033257 0 0 0.6799234591 0.7332830898
box 0.02 0.35 0.02 0.1001979343 0.4401523619 0.6303325697 0 0 0.6799234591 0.7332830898
box 0.02 0.35 0.02 0.1001979343 0.4401523619 0.9303325697 0 0 0.6799234591 0.7332830898
box 0.35 0.02 0.35 0.4755942596 0.7627629615 0.8303325697 0 0 0.6799234591 0.7332830898
box 0.35 0.02 0.35 -0.2224126653 0.8155486871 0.8303325697 0 0 0.6799234591 0.7332830898
end
problem cage 25
start 1.57 -1.5707 0 -1.5707 -1.57 3.14
goal -2.780037913 -2.720296661 -1.158539437 -0.8231334423 1.57074567 0.3114306047
box 0.035 0.035 0.035 -0.102098773 0.7671977982 0.5887514055 0 0 0.7267293067 0.6869239513
box 0.35 0.35 0.02 -0.102098773 0.7671977982 0.5087514055 0 0 0.7267293067 0.6869239513
box 0.02 0.35 0.35 -0.1217936127 1.116643235 0.8687514055 0 0 0.7267293067 0.6869239513
box 0.325 0.325 0.02 -0.1049123216 0.8171185749 1.218751406 0 0 0.7267293067 0.6869239513
box 0.02 0.35 0.02 -0.0824039334 0.4177523614 0.6687514055 0 0 0.7267293067 0.6869239513
box 0.02 0.35 0.02 -0.0824039334 0.4177523614 0.9687514055 0 0 0.7267293067 0.6869239513
box 0.35 0.02 0.35 0.2473466637 0.7868926378 0.8687514055 0 0 0.7267293067 0.6869239513
box 0.35 0.02 0.35 -0.4515442098 0.7475029586 0.8687514055 0 0 0.7267293067 0.6869239513
end
problem cage 48
start 1.57 -1.5707 0 -1.5707 -1.57 3.14
goal -3.007705259 -2.511185027 -1.227788714 -0.9806338578 1.568731903 0.1299986655
box 0.035 0.035 0.035 0.04249624113 0.7753650994 0.7088834218 0 0 0.7098394836 0.7043634768
box 0.35 0.35 0.02 0.04249624113 0.7753650994 0.6288834218 0 0 0.7098394836 0.7043634768
box 0.02 0.35 0.35 0.03978577636 1.125354604 0.9888834218 0 0 0.7098394836 0.7043634768
box 0.325 0.325 0.02 0.04210903188 0.8253636001 1.338883422 0 0 0.7098394836 0.7043634768
box 0.02 0.35 0.02 0.04520670591 0.4253755948 0.7888834218 0 0 0.7098394836 0.7043634768
box 0.02 0.35 0.02 0.04520670591 0.4253755948 1.088883422 0 0 0.7098394836 0.7043634768
box 0.35 0.02 0.35 0.3924857458 0.7780755642 0.9888834218 0 0 0.7098394836 0.7043634768
box 0.35 0.02 0.35 -0.3074932635 0.7726546347 0.9888834218 0 0 0.7098394836 0.7043634768
end
problem cage 61
start 1.57 -1.5707 0 -1.5707 -1.57 3.14
goal -2.609695564 -2.463932274 -1.259026783 -0.9864814123 1.57433375 0.1624835374
box 0.035 0.035 0.035 -0.2425699594 0.7279418539 0.727625009 0 0 0.8244606203 0.5659193278
box 0.35 0.35 0.02 -0.2425699594 0.7279418539 0.647625009 0 0 0.8244606203 0.5659193278
box 0.02 0.35 0.35 -0.3683846795 1.054546594 1.007625009 0 0 0.8244606203 0.5659193278
box 0.325 0.325 0.02 -0.2605434908 0.7745996739 1.357625009 0 0 0.8244606203 0.5659193278
box 0.02 0.35 0.02 -0.1167552392 0.4013371139 0.807625009 0 0 0.8244606203 0.5659193278
box 0.02 0.35 0.02 -0.1167552392 0.4013371139 1.107625009 0 0 0.8244606203 0.5659193278
box 0.35 0.02 0.35 0.08403478065 0.853756574 1.007625009 0 0 0.8244606203 0.5659193278
box 0.35 0.02 0.35 -0.5691746994 0.6021271338 1.007625009 0 0 0.8244606203 0.5659193278
end
problem cage 69
start 1.57 -1.5707 0 -1.5707 -1.57 3.14
goal -0.1313289547 -0.5159218064 1.126892955 -2.176051395 -1.568580377 -0.07639936454
box 0.035 0.035 0.035 0.03579788469 0.7785900144 0.6573490061 0 0 0.687379797 0.7262981583
box 0.35 0.35 0.02 0.03579788469 0.7785900144 0.5773490061 0 0 0.687379797 0.7262981583
box 0.02 0.35 0.35 0.055054195 1.128059891 0.9373490061 0 0 0.687379797 0.7262981583
box 0.325 0.325 0.02 0.03854878616 0.8285142825 1.287349006 0 0 0.687379797 0.7262981583
box 0.02 0.35 0.02 0.01654157438 0.429120138 0.7373490061 0 0 0.687379797 0.7262981583
box 0.02 0.35 0.02 0.01654157438 0.429120138 1.037349006 0 0 0.687379797 0.7262981583
box 0.35 0.02 0.35 0.3852677611 0.7593337041 0.9373490061 0 0 0.687379797 0.7262981583
box 0.35 0.02 0.35 -0.3136719917 0.7978463248 0.9373490061 0 0 0.687379797 0.7262981583
end
problem cage 73
start 1.57 -1.5707 0 -1.5707 -1.57 3.14
goal -0.245591415 -0.5019040088 1.181827975 -2.243655421 -1.569642262 -0.007901056625
box 0.035 0.035 0.035 0.1349191157 0.7693399078 0.6384448155 0 0 0.6159439216 0.7877900009
box 0.35 0.35 0.02 0.1349191157 0.7693399078 0.5584448155 0 0 0.6159439216 0.7877900009
box 0.02 0.35 0.35 0.2193482755 1.109004032 0.9184448155 0 0 0.6159439216 0.7877900009
box 0.325 0.325 0.02 0.1469804243 0.8178633541 1.268444816 0 0 0.6159439216 0.7877900009
box 0.02 0.35 0.02 0.0504899559 0.4296757841 0.7184448155 0 0 0.6159439216 0.7877900009
box 0.02 0.35 0.02 0.0504899559 0.4296757841 1.018444816 0 0 0.6159439216 0.7877900009
box 0.35 0.02 0.35 0.4745832395 0.684910748 0.9184448155 0 0 0.6159439216 0.7877900009
box 0.35 0.02 0.35 -0.204745008 0.8537690676 0.9184448155 0 0 0.6159439216 0.7877900009
end
problem cage 74
start 1.57 -1.5707 0 -1.5707 -1.57 3.14
goal -2.546918004 -2.698521144 -1.134604629 -0.8721505349 1.570699856 0.2084967236
box 0.035 0.035 0.035 -0.3162785859 0.7468346049 0.6052165412 0 0 0.8297619699 0.5581174368
box 0.35 0.35 0.02 -0.3162785859 0.7468346049 0.5252165412 0 0 0.8297619699 0.5581174368
box 0.02 0.35 0.35 -0.4482320345 1.071007842 0.8852165412 0 0 0.8297619699 0.5581174368
box 0.325 0.325 0.02 -0.3351290785 0.7931450673 1.235216541 0 0 0.8297619699 0.5581174368
box 0.02 0.35 0.02 -0.1843251372 0.4226613682 0.6852165412 0 0 0.8297619699 0.5581174368
box 0.02 0.35 0.02 -0.1843251372 0.4226613682 0.9852165412 0 0 0.8297619699 0.5581174368
box 0.35 0.02 0.35 0.007894650827 0.8787880536 0.8852165412 0 0 0.8297619699 0.5581174368
box 0.35 0.02 0.35 -0.6404518225 0.6148811562 0.8852165412 0 0 0.8297619699 0.5581174368
end
problem cage 75
start 1.57 -1.5707 0 -1.5707 -1.57 3.14
goal -0.1474779811 -0.4643313584 1.159551878 -2.257689548 -1.563986382 -0.1118314241
box 0.035 0.035 0.035 0.06460712646 0.7886687478 0.6098057258 0 0 0.6936412028 0.7203206798
box 0.35 0.35 0.02 0.06460712646 0.7886687478 0.5298057258 0 0 0.6936412028 0.7203206798
box 0.02 0.35 0.35 0.07781044369 1.13841962 0.8898057258 0 0 0.6936412028 0.7203206798
box 0.325 0.325 0.02 0.06649331463 0.8386331581 1.239805726 0 0 0.6936412028 0.7203206798
box 0.02 0.35 0.02 0.05140380923 0.4389178759 0.6898057258 0 0 0.6936412028 0.7203206798
box 0.02 0.35 0.02 0.05140380923 0.4389178759 0.9898057258 0 0 0.6936412028 0.7203206798
box 0.35 0.02 0.35 0.4143579984 0.7754654306 0.8898057258 0 0 0.6936412028 0.7203206798
box 0.35 0.02 0.35 -0.2851437455 0.8018720651 0.8898057258 0 0 0.6936412028 0.7203206798
end
problem cage 84
start 1.57 -1.5707 0 -1.5707 -1.57 3.14
goal -0.05965705905 -0.41654354 1.260152916 -2.412409305 -1.580683475 -0.07912084318
box 0.035 0.035 0.035 -0.02058700708 0.7632921238 0.5551313873 0 0 0.711703929 0.7024795495
box 0.35 0.35 0.02 -0.02058700708 0.7632921238 0.4751313873 0 0 0.711703929 0.7024795495
box 0.02 0.35 0.35 -0.0251527449 1.113262343 0.8351313873 0 0 0.711703929 0.7024795495
box 0.325 0.325 0.02 -0.02123925534 0.8132878694 1.185131387 0 0 0.711703929 0.7024795495
box 0.02 0.35 0.02 -0.01602126926 0.413321905 0.6351313873 0 0 0.711703929 0.7024795495
box 0.02 0.35 0.02 -0.01602126926 0.413321905 0.9351313873 0 0 0.711703929 0.7024795495
box 0.35 0.02 0.35 0.3293832117 0.7678578616 0.8351313873 0 0 0.711703929 0.7024795495
box 0.35 0.02 0.35 -0.3705572259 0.758726386 0.8351313873 0 0 0.711703929 0.7024795495
end
problem cage 94
start 1.57 -1.5707 0 -1.5707 -1.57 3.14
goal -0.3062548267 -0.5688330446 1.171294414 -2.17109343 -1.563466986 -0.04087662254
box 0.035 0.035 0.035 0.1933078153 0.7443454476 0.6824906499 0 0 0.6095921389 0.7927152227
box 0.35 0.35 0.02 0.1933078153 0.7443454476 0.6024906499 0 0 0.6095921389 0.7927152227
box 0.02 0.35 0.35 0.2831860123 1.082608525 0.9624906499 0 0 0.6095921389 0.7927152227
box 0.325 0.325 0.02 0.2061475577 0.7926687445 1.31249065 0 0 0.6095921389 0.7927152227
box 0.02 0.35 0.02 0.1034296184 0.40608237 0.7624906499 0 0 0.6095921389 0.7927152227
box 0.02 0.35 0.02 0.1034296184 0.40608237 1.06249065 0 0 0.6095921389 0.7927152227
box 0.35 0.02 0.35 0.531570893 0.6544672507 0.9624906499 0 0 0.6095921389 0.7927152227
box 0.35 0.02 0.35 -0.1449552623 0.8342236446 0.9624906499 0 0 0.6095921389 0.7927152227
end
problem cage 95
start 1.57 -1.5707 0 -1.5707 -1.57 3.14
goal 0.4621202236 -0.3781857279 1.114392842 -2.307864625 -1.566675067 0.01557683863
box 0.035 0.035 0.035 -0.4203483126 0.6785593948 0.5659430878 0 0 0.8440164938 0.5363172179
box 0.35 0.35 0.02 -0.4203483126 0.6785593948 0.4859430878 0 0 0.8440164938 0.5363172179
box 0.02 0.35 0.35 -0.5690030019 0.9954217993 0.8459430878 0 0 0.8440164938 0.5363172179
box 0.325 0.325 0.02 -0.4415846968 0.7238254526 1.195943088 0 0 0.8440164938 0.5363172179
box 0.02 0.35 0.02 -0.2716936233 0.3616969904 0.6459430878 0 0 0.8440164938 0.5363172179
box 0.02 0.35 0.02 -0.2716936233 0.3616969904 0.9459430878 0 0 0.8440164938 0.5363172179
box 0.35 0.02 0.35 -0.1034859082 0.8272140841 0.8459430878 0 0 0.8440164938 0.5363172179
box 0.35 0.02 0.35 -0.7372107171 0.5299047056 0.8459430878 0 0 0.8440164938 0.5363172179
end
problem cage 96
start 1.57 -1.5707 0 -1.5707 -1.57 3.14
goal -0.6422044581 -0.6958665813 1.316978078 -2.182496315 -1.565060026 -0.1697848586
box 0.035 0.035 0.035 0.3709788015 0.6195433259 0.7224654327 0 0 0.5239676369 0.8517381731
box 0.35 0.35 0.02 0.3709788015 0.6195433259 0.6424654327 0 0 0.5239676369 0.8517381731
box 0.02 0.35 0.35 0.5287993423 0.9319415923 1.002465433 0 0 0.5239676369 0.8517381731
box 0.325 0.325 0.02 0.393524593 0.6641716496 1.352465433 0 0 0.5239676369 0.8517381731
box 0.02 0.35 0.02 0.2131582606 0.3071450594 0.8024654327 0 0 0.5239676369 0.8517381731
box 0.02 0.35 0.02 0.2131582606 0.3071450594 1.102465433 0 0 0.5239676369 0.8517381731
box 0.35 0.02 0.35 0.6833770679 0.461722785 1.002465433 0 0 0.5239676369 0.8517381731
box 0.35 0.02 0.35 0.058580535 0.7773638667 1.002465433 0 0 0.5239676369 0.8517381731
end
