# generated by scripts/mbm_to_scenes.py from external/vamp/resources/ur5/problems.json
# robot: ur5
# joints: shoulder_pan_joint shoulder_lift_joint elbow_joint wrist_1_joint wrist_2_joint wrist_3_joint
problem bookshelf_tall 3
start 1.57 -1.5707 0 -1.5707 -1.57 3.14
goal -1.687434364 -1.198737876 -1.618598923 2.800463134 -0.5175384863 -3.129702153
box 0.6 0.5 0.02 -0.2390345058 0.9714941964 0.7 0 0 0.8332684474 0.5528686052
box 0.6 0.5 0.02 -0.2390345058 0.9714941964 1 0 0 0.8332684474 0.5528686052
box 0.6 0.5 0.02 -0.2390345058 0.9714941964 1.3 0 0 0.8332684474 0.5528686052
box 0.6 0.5 0.02 -0.2390345058 0.9714941964 1.6 0 0 0.8332684474 0.5528686052
box 0.65 0.02 0.82 0.2216534584 1.165830502 0.82 0 0 0.8332684474 0.5528686052
box 0.65 0.02 0.82 -0.6997224701 0.777157891 0.82 0 0 0.8332684474 0.5528686052
cyl 0.03 0.07 -0.3496681858 0.8162912256 1.38 0 0 0.8332684474 0.5528686052
cyl 0.03 0.07 -0.340042512 0.6032850485 1.38 0 0 0.8332684474 0.5528686052
cyl 0.03 0.07 -0.31291983 0.3976597977 1.38 0 0 0.8332684474 0.5528686052
cyl 0.03 0.07 -0.07067300141 0.9339823692 0.78 0 0 0.8332684474 0.5528686052
cyl 0.03 0.07 -0.1161653298 0.6977252506 0.78 0 0 0.8332684474 0.5528686052
cyl 0.03 0.07 0.008998559154 0.5334576376 0.78 0 0 0.8332684474 0.5528686052
cyl 0.03 0.07 -0.4565156977 0.7712187421 1.08 0 0 0.8332684474 0.5528686052
cyl 0.03 0.07 0.05352751906 0.7693083695 1.08 0 0 0.8332684474 0.5528686052
cyl 0.03 0.07 -0.306546014 0.400348524 1.08 0 0 0.8332684474 0.5528686052
end
problem bookshelf_tall 6
start 1.57 -1.5707 0 -1.5707 -1.57 3.14
goal -0.5823103292 -1.65092558 1.883691755 2.910693546 -1.47705154 -0.007322362568
box 0.6 0.5 0.02 0.5875028109 0.9805076059 0.7 0 0 0.5119588202 0.8590099921
box 0.6 0.5 0.02 0.5875028109 0.9805076059 1 0 0 0.5119588202 0.8590099921
box 0.6 0.5 0.02 0.5875028109 0.9805076059 1.3 0 0 0.5119588202 0.8590099921
box 0.6 0.5 0.02 0.5875028109 0.9805076059 1.6 0 0 0.5119588202 0.8590099921
box 0.65 0.02 0.82 1.027280553 0.7426094394 0.82 0 0 0.5119588202 0.8590099921
box 0.65 0.02 0.82 0.1477250689 1.218405772 0.82 0 0 0.5119588202 0.8590099921
cyl 0.03 0.07 0.8087544115 0.7471275589 1.38 0 0 0.5119588202 0.8590099921
cyl 0.03 0.07 0.3358645168 0.7755501863 1.38 0 0 0.5119588202 0.8590099921
cyl 0.03 0.07 0.2386821104 0.6007335088 1.38 0 0 0.5119588202 0.8590099921
cyl 0.03 0.07 0.686348225 0.813343296 0.78 0 0 0.5119588202 0.8590099921
cyl 0.03 0.07 0.3094596827 0.7898339051 0.78 0 0 0.5119588202 0.8590099921
cyl 0.03 0.07 0.1330109695 0.6578964078 0.78 0 0 0.5119588202 0.8590099921
cyl 0.03 0.07 0.1980563175 1.077485244 1.08 0 0 0.5119588202 0.8590099921
cyl 0.03 0.07 0.3251385762 0.7813523936 1.08 0 0 0.5119588202 0.8590099921
cyl 0.03 0.07 0.6681758409 0.3683984876 1.08 0 0 0.5119588202 0.8590099921
end
problem bookshelf_tall 12
start 1.57 -1.5707 0 -1.5707 -1.57 3.14
goal -2.281539828 -1.303056832 1.514024033 2.908913794 -0.4308579882 0.0276284665
box 0.6 0.5 0.02 1.027990958 0.3757721358 0.7 0 0 0.2094544155 0.9778184125
box 0.6 0.5 0.02 1.027990958 0.3757721358 1 0 0 0.2094544155 0.9778184125
box 0.6 0.5 0.02 1.027990958 0.3757721358 1.3 0 0 0.2094544155 0.9778184125
box 0.6 0.5 0.02 1.027990958 0.3757721358 1.6 0 0 0.2094544155 0.9778184125
box 0.65 0.02 0.82 1.232799342 -0.08035671203 0.82 0 0 0.2094544155 0.9778184125
box 0.65 0.02 0.82 0.8231825736 0.8319009836 0.82 0 0 0.2094544155 0.9778184125
cyl 0.03 0.07 0.8751752732 0.4719773872 1.38 0 0 0.2094544155 0.9778184125
cyl 0.03 0.07 0.5980470466 0.6009085286 1.38 0 0 0.2094544155 0.9778184125
cyl 0.03 0.07 0.7057017802 -0.1271106406 1.38 0 0 0.2094544155 0.9778184125
cyl 0.03 0.07 0.9836346896 0.2304273704 0.78 0 0 0.2094544155 0.9778184125
cyl 0.03 0.07 0.6428398765 0.5011503962 0.78 0 0 0.2094544155 0.9778184125
cyl 0.03 0.07 0.6136735051 0.07784557375 0.78 0 0 0.2094544155 0.9778184125
cyl 0.03 0.07 1.110441532 -0.05198420683 1.08 0 0 0.2094544155 0.9778184125
cyl 0.03 0.07 0.6232313185 0.5448206248 1.08 0 0 0.2094544155 0.9778184125
cyl 0.03 0.07 0.5268726715 0.271159751 1.08 0 0 0.2094544155 0.9778184125
end
problem bookshelf_tall 14
start 1.57 -1.5707 0 -1.5707 -1.57 3.14
goal -0.4104325606 -1.546178896 1.782807338 2.91350519 -2.149394225 0.002646983309
box 0.6 0.5 0.02 0.9141079123 0.5106543094 0.7 0 0 0.286244624 0.9581565714
box 0.6 0.5 0.02 0.9141079123 0.5106543094 1 0 0 0.286244624 0.9581565714
box 0.6 0.5 0.02 0.9141079123 0.5106543094 1.3 0 0 0.286244624 0.9581565714
box 0.6 0.5 0.02 0.9141079123 0.5106543094 1.6 0 0 0.286244624 0.9581565714
box 0.65 0.02 0.82 1.18837508 0.09259029412 0.82 0 0 0.286244624 0.9581565714
box 0.65 0.02 0.82 0.6398407448 0.9287183246 0.82 0 0 0.286244624 0.9581565714
cyl 0.03 0.07 0.8184056762 0.4742287357 1.38 0 0 0.286244624 0.9581565714
cyl 0.03 0.07 0.6224044942 0.4083843293 1.38 0 0 0.286244624 0.9581565714
cyl 0.03 0.07 0.2879110001 0.5536430328 1.38 0 0 0.286244624 0.9581565714
cyl 0.03 0.07 0.6457222576 0.7374491715 0.78 0 0 0.286244624 0.9581565714
cyl 0.03 0.07 0.5188119429 0.5662899158 0.78 0 0 0.286244624 0.9581565714
cyl 0.03 0.07 0.6271093635 0.03660473387 0.78 0 0 0.286244624 0.9581565714
cyl 0.03 0.07 0.6955980575 0.6614237494 1.08 0 0 0.286244624 0.9581565714
cyl 0.03 0.07 0.7477404674 0.2173353579 1.08 0 0 0.286244624 0.9581565714
cyl 0.03 0.07 0.6089977683 0.06421214416 1.08 0 0 0.286244624 0.9581565714
end
problem bookshelf_tall 16
start 1.57 -1.5707 0 -1.5707 -1.57 3.14
goal -1.460906085 -1.146808956 1.286458552 3.016375612 -0.6811061907 -0.01731604455
box 0.6 0.5 0.02 0.7698631397 0.9614000371 0.7 0 0 0.4799012545 0.8773225096
box 0.6 0.5 0.02 0.7698631397 0.9614000371 1 0 0 0.4799012545 0.8773225096
box 0.6 0.5 0.02 0.7698631397 0.9614000371 1.3 0 0 0.4799012545 0.8773225096
box 0.6 0.5 0.02 0.7698631397 0.9614000371 1.6 0 0 0.4799012545 0.8773225096
box 0.65 0.02 0.82 1.190891313 0.6917052511 0.82 0 0 0.4799012545 0.8773225096
box 0.65 0.02 0.82 0.3488349668 1.231094823 0.82 0 0 0.4799012545 0.8773225096
cyl 0.03 0.07 0.6214955738 0.9376818118 1.38 0 0 0.4799012545 0.8773225096
cyl 0.03 0.07 0.4605123653 0.8032877933 1.38 0 0 0.4799012545 0.8773225096
cyl 0.03 0.07 0.7067680536 0.4080318798 1.38 0 0 0.4799012545 0.8773225096
cyl 0.03 0.07 0.8643005102 0.7821501169 0.78 0 0 0.4799012545 0.8773225096
cyl 0.03 0.07 0.8772685541 0.5363294795 0.78 0 0 0.4799012545 0.8773225096
cyl 0.03 0.07 0.5317728382 0.5201272221 0.78 0 0 0.4799012545 0.8773225096
cyl 0.03 0.07 0.6188151887 0.9393987655 1.08 0 0 0.4799012545 0.8773225096
cyl 0.03 0.07 0.79048244 0.5919213946 1.08 0 0 0.4799012545 0.8773225096
cyl 0.03 0.07 0.2007478675 0.7321693473 1.08 0 0 0.4799012545 0.8773225096
end
problem bookshelf_tall 35
start 1.57 -1.5707 0 -1.5707 -1.57 3.14
goal 0.07954079972 -1.567524914 1.802912784 2.911534397 -1.921073903 0.00353280998
box 0.6 0.5 0.02 0.3389761454 1.055792024 0.7 0 0 0.6066714818 0.7949526484
box 0.6 0.5 0.02 0.3389761454 1.055792024 1 0 0 0.6066714818 0.7949526484
box 0.6 0.5 0.02 0.3389761454 1.055792024 1.3 0 0 0.6066714818 0.7949526484
box 0.6 0.5 0.02 0.3389761454 1.055792024 1.6 0 0 0.6066714818 0.7949526484
box 0.65 0.02 0.82 0.8212512466 0.9238423113 0.82 0 0 0.6066714818 0.7949526484
box 0.65 0.02 0.82 -0.1432989558 1.187741738 0.82 0 0 0.6066714818 0.7949526484
cyl 0.03 0.07 -0.1132542397 1.075846283 1.38 0 0 0.6066714818 0.7949526484
cyl 0.03 0.07 0.002677254508 0.8367770731 1.38 0 0 0.6066714818 0.7949526484
cyl 0.03 0.07 -0.06176456155 0.6470577186 1.38 0 0 0.6066714818 0.7949526484
cyl 0.03 0.07 0.210482709 0.9872723603 0.78 0 0 0.6066714818 0.7949526484
cyl 0.03 0.07 -0.01473157024 0.8415401003 0.78 0 0 0.6066714818 0.7949526484
cyl 0.03 0.07 0.5633089068 0.4760385956 0.78 0 0 0.6066714818 0.7949526484
cyl 0.03 0.07 0.1674884725 0.9990355162 1.08 0 0 0.6066714818 0.7949526484
cyl 0.03 0.07 0.059309372 0.8212826143 1.08 0 0 0.6066714818 0.7949526484
cyl 0.03 0.07 0.3007256557 0.5478809623 1.08 0 0 0.6066714818 0.7949526484
end
problem bookshelf_tall 39
start 1.57 -1.5707 0 -1.5707 -1.57 3.14
goal 0.2521234633 -1.638535259 1.877963635 2.910872407 -1.622852307 0.0005748025856
box 0.6 0.5 0.02 -0.1950916883 1.108691562 0.7 0 0 0.7750498152 0.6319001377
box 0.6 0.5 0.02 -0.1950916883 1.108691562 1 0 0 0.7750498152 0.6319001377
box 0.6 0.5 0.02 -0.1950916883 1.108691562 1.3 0 0 0.7750498152 0.6319001377
box 0.6 0.5 0.02 -0.1950916883 1.108691562 1.6 0 0 0.7750498152 0.6319001377
box 0.65 0.02 0.82 0.2946623967 1.209393778 0.82 0 0 0.7750498152 0.6319001377
box 0.65 0.02 0.82 -0.6848457732 1.007989346 0.82 0 0 0.7750498152 0.6319001377
cyl 0.03 0.07 -0.5230227934 0.939170997 1.38 0 0 0.7750498152 0.6319001377
cyl 0.03 0.07 0.1804270604 0.8796287864 1.38 0 0 0.7750498152 0.6319001377
cyl 0.03 0.07 -0.2517651928 0.5865782085 1.38 0 0 0.7750498152 0.6319001377
cyl 0.03 0.07 -0.0342525116 1.039670925 0.78 0 0 0.7750498152 0.6319001377
cyl 0.03 0.07 -0.3409747452 0.7724192319 0.78 0 0 0.7750498152 0.6319001377
cyl 0.03 0.07 -0.09886226041 0.6180177913 0.78 0 0 0.7750498152 0.6319001377
cyl 0.03 0.07 -0.3965707944 0.965171794 1.08 0 0 0.7750498152 0.6319001377
cyl 0.03 0.07 -0.3719245869 0.7660553898 1.08 0 0 0.7750498152 0.6319001377
cyl 0.03 0.07 -0.1522959709 0.6070308629 1.08 0 0 0.7750498152 0.6319001377
end
problem bookshelf_tall 43
start 1.57 -1.5707 0 -1.5707 -1.57 3.14
goal -2.4113399 -1.296420554 1.494350564 2.944459027 -0.5371584178 0.00148566685
box 0.6 0.5 0.02 1.133053211 0.08789858853 0.7 0 0 0.09341758203 0.9956270162
box 0.6 0.5 0.02 1.133053211 0.08789858853 1 0 0 0.09341758203 0.9956270162
box 0.6 0.5 0.02 1.133053211 0.08789858853 1.3 0 0 0.09341758203 0.9956270162
box 0.6 0.5 0.02 1.133053211 0.08789858853 1.6 0 0 0.09341758203 0.9956270162
box 0.65 0.02 0.82 1.226062279 -0.4033745668 0.82 0 0 0.09341758203 0.9956270162
box 0.65 0.02 0.82 1.040044142 0.5791717439 0.82 0 0 0.09341758203 0.9956270162
cyl 0.03 0.07 0.9857745922 0.3282410842 1.38 0 0 0.09341758203 0.9956270162
cyl 0.03 0.07 0.7919591204 0.2768088775 1.38 0 0 0.09341758203 0.9956270162
cyl 0.03 0.07 0.6881431907 -0.2500001904 1.38 0 0 0.09341758203 0.9956270162
cyl 0.03 0.07 1.030308787 0.09301182277 0.78 0 0 0.09341758203 0.9956270162
cyl 0.03 0.07 0.8928124559 -0.2558976334 0.78 0 0 0.09341758203 0.9956270162
cyl 0.03 0.07 0.5950523363 0.2417049579 0.78 0 0 0.09341758203 0.9956270162
cyl 0.03 0.07 1.055566552 -0.04039948689 1.08 0 0 0.09341758203 0.9956270162
cyl 0.03 0.07 0.779132684 0.344558012 1.08 0 0 0.09341758203 0.9956270162
cyl 0.03 0.07 0.5705075878 0.3713501229 1.08 0 0 0.09341758203 0.9956270162
end
problem bookshelf_tall 48
start 1.57 -1.5707 0 -1.5707 -1.57 3.14
goal -0.6151778333 -1.746735174 1.972876618 2.921432884 -0.9900465691 -0.008744189404
box 0.6 0.5 0.02 0.1192195957 1.098611844 0.7 0 0 0.6924096898 0.7215045541
box 0.6 0.5 0.02 0.1192195957 1.098611844 1 0 0 0.6924096898 0.7215045541
box 0.6 0.5 0.02 0.1192195957 1.098611844 1.3 0 0 0.6924096898 0.7215045541
box 0.6 0.5 0.02 0.1192195957 1.098611844 1.6 0 0 0.6924096898 0.7215045541
box 0.65 0.02 0.82 0.6187963402 1.078043023 0.82 0 0 0.6924096898 0.7215045541
box 0.65 0.02 0.82 -0.3803571487 1.119180666 0.82 0 0 0.6924096898 0.7215045541
cyl 0.03 0.07 0.1421971246 0.9975810793 1.38 0 0 0.6924096898 0.7215045541
cyl 0.03 0.07 -0.3036563788 0.8157685352 1.38 0 0 0.6924096898 0.7215045541
cyl 0.03 0.07 0.1045168195 0.5987935802 1.38 0 0 0.6924096898 0.7215045541
cyl 0.03 0.07 -0.09282037562 1.007257336 0.78 0 0 0.6924096898 0.7215045541
cyl 0.03 0.07 -0.04981338375 0.8053171855 0.78 0 0 0.6924096898 0.7215045541
cyl 0.03 0.07 -0.04602371661 0.6049917098 0.78 0 0 0.6924096898 0.7215045541
cyl 0.03 0.07 0.3104943356 0.990651863 1.08 0 0 0.6924096898 0.7215045541
cyl 0.03 0.07 0.3502734196 0.7888446132 1.08 0 0 0.6924096898 0.7215045541
cyl 0.03 0.07 0.4653149497 0.5839386206 1.08 0 0 0.6924096898 0.7215045541
end
problem bookshelf_tall 60
start 1.57 -1.5707 0 -1.5707 -1.57 3.14
goal 0.1391463264 -1.942274749 2.100132443 2.989295424 -0.9321822085 0.005049320105
box 0.6 0.5 0.02 -0.7155405319 0.7502959115 0.7 0 0 0.9241534192 0.3820215411
box 0.6 0.5 0.02 -0.7155405319 0.7502959115 1 0 0 0.9241534192 0.3820215411
box 0.6 0.5 0.02 -0.7155405319 0.7502959115 1.3 0 0 0.9241534192 0.3820215411
box 0.6 0.5 0.02 -0.7155405319 0.7502959115 1.6 0 0 0.9241534192 0.3820215411
box 0.65 0.02 0.82 -0.3624940185 1.104355454 0.82 0 0 0.9241534192 0.3820215411
box 0.65 0.02 0.82 -1.068587045 0.3962363693 0.82 0 0 0.9241534192 0.3820215411
cyl 0.03 0.07 -0.7646292561 0.5594419342 1.38 0 0 0.9241534192 0.3820215411
cyl 0.03 0.07 -0.4735240046 0.5681336843 1.38 0 0 0.9241534192 0.3820215411
cyl 0.03 0.07 -0.3445871865 0.4141916763 1.38 0 0 0.9241534192 0.3820215411
cyl 0.03 0.07 -0.5854556535 0.7391296561 0.78 0 0 0.9241534192 0.3820215411
cyl 0.03 0.07 -0.460181339 0.5815146353 0.78 0 0 0.9241534192 0.3820215411
cyl 0.03 0.07 -0.1600421355 0.5992662593 0.78 0 0 0.9241534192 0.3820215411
cyl 0.03 0.07 -0.8628267672 0.4609626561 1.08 0 0 0.9241534192 0.3820215411
cyl 0.03 0.07 -0.7585425334 0.2822973258 1.08 0 0 0.9241534192 0.3820215411
cyl 0.03 0.07 -0.5740191388 0.1841013938 1.08 0 0 0.9241534192 0.3820215411
end
problem bookshelf_tall 76
start 1.57 -1.5707 0 -1.5707 -1.57 3.14
goal 0.2404167336 -1.236445979 1.413645153 2.980432826 -0.6553806573 -0.01562023805
box 0.6 0.5 0.02 -1.061316654 0.5386876324 0.7 0 0 0.9792557997 0.2026279319
box 0.6 0.5 0.02 -1.061316654 0.5386876324 1 0 0 0.9792557997 0.2026279319
box 0.6 0.5 0.02 -1.061316654 0.5386876324 1.3 0 0 0.9792557997 0.2026279319
box 0.6 0.5 0.02 -1.061316654 0.5386876324 1.6 0 0 0.9792557997 0.2026279319
box 0.65 0.02 0.82 -0.8628920761 0.9976295536 0.82 0 0 0.9792557997 0.2026279319
box 0.65 0.02 0.82 -1.259741231 0.07974571119 0.82 0 0 0.9792557997 0.2026279319
cyl 0.03 0.07 -1.124361381 0.1408847526 1.38 0 0 0.9792557997 0.2026279319
cyl 0.03 0.07 -0.700755948 0.6166841343 1.38 0 0 0.9792557997 0.2026279319
cyl 0.03 0.07 -0.4893963759 0.6015739502 1.38 0 0 0.9792557997 0.2026279319
cyl 0.03 0.07 -0.8537935265 0.7666889377 0.78 0 0 0.9792557997 0.2026279319
cyl 0.03 0.07 -0.8881635697 0.1832236476 0.78 0 0 0.9792557997 0.2026279319
cyl 0.03 0.07 -0.6358056994 0.2629396084 0.78 0 0 0.9792557997 0.2026279319
cyl 0.03 0.07 -0.9059859477 0.6459715831 1.08 0 0 0.9792557997 0.2026279319
cyl 0.03 0.07 -0.7236589718 0.5637110709 1.08 0 0 0.9792557997 0.2026279319
cyl 0.03 0.07 -0.4451395732 0.7039367839 1.08 0 0 0.9792557997 0.2026279319
end
problem bookshelf_tall 94
start 1.57 -1.5707 0 -1.5707 -1.57 3.14
goal 2.442685516 -1.47035794 -1.419941771 2.898959413 -1.855091901 -3.139391786
box 0.6 0.5 0.02 0.5979050653 0.9146453967 0.7 0 0 0.5501063438 0.8350946117
box 0.6 0.5 0.02 0.5979050653 0.9146453967 1 0 0 0.5501063438 0.8350946117
box 0.6 0.5 0.02 0.5979050653 0.9146453967 1.3 0 0 0.5501063438 0.8350946117
box 0.6 0.5 0.02 0.5979050653 0.9146453967 1.6 0 0 0.5501063438 0.8350946117
box 0.65 0.02 0.82 1.057295909 0.7172623863 0.82 0 0 0.5501063438 0.8350946117
box 0.65 0.02 0.82 0.1385142217 1.112028407 0.82 0 0 0.5501063438 0.8350946117
cyl 0.03 0.07 0.7295104871 0.7492597008 1.38 0 0 0.5501063438 0.8350946117
cyl 0.03 0.07 0.8687433181 0.4717570098 1.38 0 0 0.5501063438 0.8350946117
cyl 0.03 0.07 0.4115746583 0.4505056641 1.38 0 0 0.5501063438 0.8350946117
cyl 0.03 0.07 0.9059744029 0.6734397766 0.78 0 0 0.5501063438 0.8350946117
cyl 0.03 0.07 0.2236328939 0.7489367564 0.78 0 0 0.5501063438 0.8350946117
cyl 0.03 0.07 0.07388200347 0.5955995286 0.78 0 0 0.5501063438 0.8350946117
cyl 0.03 0.07 0.5173700164 0.8404085022 1.08 0 0 0.5501063438 0.8350946117
cyl 0.03 0.07 0.7875177706 0.5066565802 1.08 0 0 0.5501063438 0.8350946117
cyl 0.03 0.07 0.3087793841 0.4946729368 1.08 0 0 0.5501063438 0.8350946117
end
problem bookshelf_tall 95
start 1.57 -1.5707 0 -1.5707 -1.57 3.14
goal -2.488510625 -1.181704526 -1.616352246 2.788511814 -0.9267512611 3.14154606
box 0.6 0.5 0.02 0.1011140231 1.014103558 0.7 0 0 0.7107553157 0.703439323
box 0.6 0.5 0.02 0.1011140231 1.014103558 1 0 0 0.7107553157 0.703439323
box 0.6 0.5 0.02 0.1011140231 1.014103558 1.3 0 0 0.7107553157 0.703439323
box 0.6 0.5 0.02 0.1011140231 1.014103558 1.6 0 0 0.7107553157 0.703439323
box 0.65 0.02 0.82 0.6010872613 1.019276677 0.82 0 0 0.7107553157 0.703439323
box 0.65 0.02 0.82 -0.398859215 1.008930439 0.82 0 0 0.7107553157 0.703439323
cyl 0.03 0.07 0.3961318015 0.9171506926 1.38 0 0 0.7107553157 0.703439323
cyl 0.03 0.07 0.150700821 0.7146005642 1.38 0 0 0.7107553157 0.703439323
cyl 0.03 0.07 -0.04554891211 0.5125593038 1.38 0 0 0.7107553157 0.703439323
cyl 0.03 0.07 -0.1575338582 0.9114220295 0.78 0 0 0.7107553157 0.703439323
cyl 0.03 0.07 0.4483728547 0.7176805146 0.78 0 0 0.7107553157 0.703439323
cyl 0.03 0.07 0.3568774459 0.5167231254 0.78 0 0 0.7107553157 0.703439323
cyl 0.03 0.07 -0.121647801 0.9117933351 1.08 0 0 0.7107553157 0.703439323
cyl 0.03 0.07 -0.1488140402 0.7115015464 1.08 0 0 0.7107553157 0.703439323
cyl 0.03 0.07 -0.1994159851 0.5109672733 1.08 0 0 0.7107553157 0.703439323
end
problem bookshelf_tall 98
start 1.57 -1.5707 0 -1.5707 -1.57 3.14
goal 0.2907826787 -1.618559058 1.868082863 2.881036397 -2.012271692 0.001166828791
box 0.6 0.5 0.02 0.2186065108 1.034495609 0.7 0 0 0.6493662249 0.7604758418
box 0.6 0.5 0.02 0.2186065108 1.034495609 1 0 0 0.6493662249 0.7604758418
box 0.6 0.5 0.02 0.2186065108 1.034495609 1.3 0 0 0.6493662249 0.7604758418
box 0.6 0.5 0.02 0.2186065108 1.034495609 1.6 0 0 0.6493662249 0.7604758418
box 0.65 0.02 0.82 0.7124338373 0.9561721031 0.82 0 0 0.6493662249 0.7604758418
box 0.65 0.02 0.82 -0.2752208158 1.112819115 0.82 0 0 0.6493662249 0.7604758418
cyl 0.03 0.07 -0.195155678 0.9988704141 1.38 0 0 0.6493662249 0.7604758418
cyl 0.03 0.07 -0.09312054391 0.7801871951 1.38 0 0 0.6493662249 0.7604758418
cyl 0.03 0.07 -0.1659793603 0.5892430391 1.38 0 0 0.6493662249 0.7604758418
cyl 0.03 0.07 0.5950282664 0.8735432532 0.78 0 0 0.6493662249 0.7604758418
cyl 0.03 0.07 0.5424528339 0.6793820501 0.78 0 0 0.6493662249 0.7604758418
cyl 0.03 0.07 0.4776791742 0.4871555475 0.78 0 0 0.6493662249 0.7604758418
cyl 0.03 0.07 -0.1766135366 0.9959295369 1.08 0 0 0.6493662249 0.7604758418
cyl 0.03 0.07 0.05262858107 0.7570706484 1.08 0 0 0.6493662249 0.7604758418
cyl 0.03 0.07 0.2596599091 0.5217345031 1.08 0 0 0.6493662249 0.7604758418
end
problem bookshelf_thin 99
start 1.57 -1.5707 0 -1.5707 -1.57 3.14
goal -0.6142674167 -1.275500814 1.308052415 3.108497463 -1.522377669 -0.009331218777
box 0.02 0.02 0.82 1.210908794 0.7760544992 0.82 0 0 0.4822645272 0.8760256422
box 0.02 0.02 0.82 0.3659566097 1.310896351 0.82 0 0 0.4822645272 0.8760256422
box 0.02 0.02 0.82 0.890003683 0.2690831886 0.82 0 0 0.4822645272 0.8760256422
box 0.02 0.02 0.82 0.04505149869 0.8039250402 0.82 0 0 0.4822645272 0.8760256422
box 0.31 0.5 0.02 0.6279801463 0.7899897697 0.35 0 0 0.4822645272 0.8760256422
box 0.31 0.5 0.02 0.6279801463 0.7899897697 0.85 0 0 0.4822645272 0.8760256422
box 0.31 0.5 0.02 0.6279801463 0.7899897697 0.6 0 0 0.4822645272 0.8760256422
box 0.31 0.5 0.02 0.6279801463 0.7899897697 1.1 0 0 0.4822645272 0.8760256422
box 0.31 0.5 0.02 0.6279801463 0.7899897697 1.35 0 0 0.4822645272 0.8760256422
box 0.31 0.5 0.02 0.6279801463 0.7899897697 1.6 0 0 0.4822645272 0.8760256422
box 0.31 0.02 0.7 0.6279801463 0.7899897697 0.9 0 0 0.4822645272 0.8760256422
cyl 0.03 0.07 0.6349977408 0.9038976317 0.44 0 0 0.4822645272 0.8760256422
cyl 0.03 0.07 0.3556423623 0.7256756507 1.44 0 0 0.4822645272 0.8760256422
cyl 0.03 0.07 0.1808701002 0.8363038283 0.44 0 0 0.4822645272 0.8760256422
cyl 0.03 0.07 1.053933806 0.6387174888 0.69 0 0 0.4822645272 0.8760256422
cyl 0.03 0.07 0.8444151024 0.4162899575 0.69 0 0 0.4822645272 0.8760256422
cyl 0.03 0.07 0.6362149558 0.9031271532 0.94 0 0 0.4822645272 0.8760256422
cyl 0.03 0.07 0.4309809494 0.6779874736 0.94 0 0 0.4822645272 0.8760256422
cyl 0.03 0.07 0.8292856154 0.7809163689 1.19 0 0 0.4822645272 0.8760256422
cyl 0.03 0.07 0.8190346629 0.4323553887 1.19 0 0 0.4822645272 0.8760256422
cyl 0.03 0.07 0.3349167834 1.093844303 1.44 0 0 0.4822645272 0.8760256422
end
problem table_under_pick 5
start -0.7274847953 -1.010031909 2.098144304 -1.087641169 1.359266436 -3.138937208
goal 2.825596063 -1.987816819 -1.028387396 3.014230807 -1.368961994 -3.141248993
box 0.125 0.125 0.125 -0.0425699144 0.8527639896 1.371381952 0 0 0.8123849646 0.5831214877
box 0.1 0.01 0.2 0.613933137 0.8642735101 1.421381952 0 0 -0.09414723747 0.9955582844
box 0.01 0.1 0.2 0.102920793 0.682688635 1.421381952 0 0 0.945770775 0.3248347905
box 0.1 0.025 0.175 0.4829729483 0.478580211 1.421381952 0 0 -0.04111958872 0.9991542321
box 0.1 0.025 0.175 0.2777380853 1.08633694 1.421381952 0 0 0.290535572 0.9568641917
box 0.025 0.025 0.35 -0.03856293652 1.694741498 0.8713819519 0 0 0.502863017 0.8643661181
box 0.025 0.025 0.35 -0.4833947516 0.912357541 0.8713819519 0 0 0.502863017 0.8643661181
box 0.025 0.025 0.35 1.439273427 0.8545036251 0.8713819519 0 0 0.502863017 0.8643661181
box 0.025 0.025 0.35 0.9944416117 0.07211966805 0.8713819519 0 0 0.502863017 0.8643661181
box 0.6 1 0.02 0.4779393376 0.8834305831 1.221381952 0 0 0.502863017 0.8643661181
cyl 0.03 0.06 0.4181309285 0.7445149326 1.321381952 0 0 0.502863017 0.8643661181
cyl 0.05 0.175 0.6106929442 1.188926384 1.371381952 0 0 0.4482292001 0.8939186676
end
problem table_under_pick 19
start -1.085128403 -0.5240179264 1.566003634 -1.039823123 1.410194011 3.141259317
goal 2.372412267 -2.386745522 -0.7348606342 3.118666886 -1.412799832 -3.139391115
box 0.125 0.125 0.125 0.310994703 0.8724462177 1.232723177 0 0 -0.1629967335 0.9866266086
box 0.1 0.01 0.2 1.038842379 0.5176918321 1.282723177 0 0 -0.006605594741 0.9999781828
box 0.01 0.1 0.2 0.5760596223 0.6384341348 1.282723177 0 0 0.6917396176 0.7221470082
box 0.1 0.025 0.175 0.6763362199 0.3418972918 1.282723177 0 0 0.5508322996 0.8346159462
box 0.1 0.025 0.175 0.8447289888 0.8059444905 1.282723177 0 0 0.8941852006 0.4476972493
box 0.025 0.025 0.35 0.7650656595 1.659793394 0.7327231774 0 0 0.3163151995 0.9486541491
box 0.025 0.025 0.35 0.0451652093 1.119660687 0.7327231774 0 0 0.3163151995 0.9486541491
box 0.025 0.025 0.35 1.785316329 0.2999814327 0.7327231774 0 0 0.3163151995 0.9486541491
box 0.025 0.025 0.35 1.065415879 -0.2401512749 0.7327231774 0 0 0.3163151995 0.9486541491
box 0.6 1 0.02 0.9152407694 0.7098210596 1.082723177 0 0 0.3163151995 0.9486541491
cyl 0.03 0.06 0.7924861558 0.5969587836 1.182723177 0 0 0.3163151995 0.9486541491
cyl 0.05 0.175 1.026449628 0.898632001 1.232723177 0 0 0.3813330302 0.9244377319
end
problem table_under_pick 21
start -1.877684608 -2.423735411 -1.703780494 -2.157119475 -1.432094637 -3.139494113
goal -1.972882032 -2.269924919 -0.7385128912 3.008261194 -1.524052194 3.139414011
box 0.125 0.125 0.125 -0.8307740042 0.06765905708 1.31127357 0 0 0.9363712361 -0.3510112649
box 0.1 0.01 0.2 -0.8894819743 0.7826541191 1.36127357 0 0 0.9972272294 0.07441675195
box 0.01 0.1 0.2 -0.7572685073 0.2025190985 1.36127357 0 0 0.8660051743 0.5000350369
box 0.1 0.025 0.175 -0.558971009 0.6033362991 1.36127357 0 0 0.7147090641 0.6994218711
box 0.1 0.025 0.175 -1.053408005 0.3191275318 1.36127357 0 0 0.6691532808 0.7431244087
box 0.025 0.025 0.35 -1.776717142 -0.05344238119 0.8112735699 0 0 0.9750926736 0.2217978312
box 0.025 0.025 0.35 -0.9652668418 -0.4427345736 0.8112735699 0 0 0.9750926736 0.2217978312
box 0.025 0.025 0.35 -1.041387445 1.479297074 0.8112735699 0 0 0.9750926736 0.2217978312
box 0.025 0.025 0.35 -0.229937145 1.090004881 0.8112735699 0 0 0.9750926736 0.2217978312
box 0.6 1 0.02 -1.003327143 0.5182812501 1.16127357 0 0 0.9750926736 0.2217978312
cyl 0.03 0.06 -0.8208653426 0.4823534344 1.26127357 0 0 0.9750926736 0.2217978312
cyl 0.05 0.175 -1.267734135 0.577176092 1.31127357 0 0 0.9893848047 0.1453193316
end
problem table_under_pick 27
start 0.1634599754 -0.9696717867 1.94030659 -0.9716790662 1.209161579 -3.138764101
goal -2.538324718 -2.069571594 -0.8699502743 2.938636416 -1.490001147 3.14159265
box 0.125 0.125 0.125 -0.733373732 0.4778227068 1.385772632 0 0 0.734641438 0.6784555679
box 0.1 0.01 0.2 -0.2014008869 1.029143428 1.435772632 0 0 0.6251829077 0.7804782713
box 0.01 0.1 0.2 -0.5803630663 0.5344473204 1.435772632 0 0 0.9859774719 -0.1668784736
box 0.1 0.025 0.175 -0.03279188428 0.6452300561 1.435772632 0 0 0.9975478539 -0.06998770777
box 0.1 0.025 0.175 -0.5640593439 0.8501738244 1.435772632 0 0 0.9366546788 0.3502542116
box 0.025 0.025 0.35 -1.434195982 0.9091499108 0.8857726324 0 0 0.8656243589 0.5006939876
box 0.025 0.025 0.35 -0.9854460262 0.1290066691 0.8857726324 0 0 0.8656243589 0.5006939876
box 0.025 0.025 0.35 0.03940791943 1.756788715 0.8857726324 0 0 0.8656243589 0.5006939876
box 0.025 0.025 0.35 0.4881578748 0.9766454737 0.8857726324 0 0 0.8656243589 0.5006939876
box 0.6 1 0.02 -0.4730190534 0.9428976922 1.235772632 0 0 0.8656243589 0.5006939876
cyl 0.03 0.06 -0.3837013465 0.7906485124 1.335772632 0 0 0.8656243589 0.5006939876
cyl 0.05 0.175 -0.6744822004 1.279166465 1.385772632 0 0 0.9988640804 0.04765027705
end
problem table_under_pick 42
start 0.09409431661 -0.7984066476 1.848283155 -1.050639857 1.31905784 -3.140346934
goal -2.720775688 -2.039217045 -1.076346259 3.112659186 -1.496191709 -3.14063007
box 0.125 0.125 0.125 -0.5768852332 0.5880062371 1.323133024 0 0 0.9998788423 -0.01556601366
box 0.1 0.01 0.2 -0.2193699754 1.175284273 1.373133024 0 0 0.9089096948 0.4169930056
box 0.01 0.1 0.2 -0.3936794284 0.4853227713 1.373133024 0 0 0.796837888 0.6041931647
box 0.1 0.025 0.175 0.0179235972 0.6480778464 1.373133024 0 0 0.9729961353 0.2308214045
box 0.1 0.025 0.175 -0.475139593 0.8837144035 1.373133024 0 0 0.9999251591 -0.01223422284
box 0.025 0.025 0.35 -1.304918979 1.160965743 0.823133024 0 0 0.8186442269 0.5743009924
box 0.025 0.025 0.35 -0.9985979126 0.3146989981 0.823133024 0 0 0.8186442269 0.5743009924
box 0.025 0.025 0.35 0.2935848734 1.739572202 0.823133024 0 0 0.8186442269 0.5743009924
box 0.025 0.025 0.35 0.5999059398 0.8933054567 0.823133024 0 0 0.8186442269 0.5743009924
box 0.6 1 0.02 -0.3525065196 1.0271356 1.173133024 0 0 0.8186442269 0.5743009924
cyl 0.03 0.06 -0.2342633493 0.8429456914 1.273133024 0 0 0.8186442269 0.5743009924
cyl 0.05 0.175 -0.4545144744 1.286051137 1.323133024 0 0 0.8894718466 0.4569899716
end
problem table_under_pick 53
start -2.747279262 -2.263573378 -1.86941969 -2.148785211 -1.211140137 3.138897293
goal -2.78002773 -2.101960598 -0.8920378513 2.991130982 -1.240510219 -3.139656852
box 0.125 0.125 0.125 -0.5216124949 0.7144296194 1.357803365 0 0 0.9804633644 0.1967017819
box 0.1 0.01 0.2 0.02922774562 1.162261128 1.407803365 0 0 0.6010786205 0.7991898973
box 0.01 0.1 0.2 -0.3684765809 0.5969769931 1.407803365 0 0 0.9881723395 0.1533474079
box 0.1 0.025 0.175 0.01198467448 0.5980787089 1.407803365 0 0 0.5630676444 0.8264108105
box 0.1 0.025 0.175 -0.2490482848 1.022606639 1.407803365 0 0 0.9914309631 0.1306317164
box 0.025 0.025 0.35 -0.9678718012 1.496124724 0.8578033645 0 0 0.7181368226 0.6959019357
box 0.025 0.025 0.35 -0.9395749085 0.596569675 0.8578033645 0 0 0.7181368226 0.6959019357
box 0.025 0.025 0.35 0.7312877354 1.54957441 0.8578033645 0 0 0.7181368226 0.6959019357
box 0.025 0.025 0.35 0.7595846281 0.6500193612 0.8578033645 0 0 0.7181368226 0.6959019357
box 0.6 1 0.02 -0.1041435866 1.073072042 1.207803365 0 0 0.7181368226 0.6959019357
cyl 0.03 0.06 -0.1195453524 0.8848849664 1.307803365 0 0 0.7181368226 0.6959019357
cyl 0.05 0.175 -0.07508839502 1.36764794 1.357803365 0 0 0.8337796194 0.5520974065
end
problem table_under_pick 58
start 2.145078782 -2.133540073 -1.902264598 -2.249367036 -1.224033259 -3.138869335
goal 2.059883824 -1.907128601 -1.0358842 2.941485872 -1.30972939 -3.139791323
box 0.125 0.125 0.125 0.5453538799 0.6907945224 1.412326455 0 0 0.4040618385 0.9147316714
box 0.1 0.01 0.2 1.082241212 0.05693980747 1.462326455 0 0 -0.519278177 0.8546052743
box 0.01 0.1 0.2 0.5538203112 0.4199252352 1.462326455 0 0 -0.2455407272 0.9693862756
box 0.1 0.025 0.175 0.6626753305 -0.01206361722 1.462326455 0 0 -0.2415979612 0.9703764348
box 0.1 0.025 0.175 1.048177011 0.4330444498 1.462326455 0 0 0.373481946 0.9276374486
box 0.025 0.025 0.35 1.269562887 1.225559176 0.9123264551 0 0 0.1136228044 0.9935239596
box 0.025 0.025 0.35 0.3928011419 1.022362614 0.9123264551 0 0 0.1136228044 0.9935239596
box 0.025 0.025 0.35 1.653378614 -0.4305463427 0.9123264551 0 0 0.1136228044 0.9935239596
box 0.025 0.025 0.35 0.7766168689 -0.6337429041 0.9123264551 0 0 0.1136228044 0.9935239596
box 0.6 1 0.02 1.023089878 0.2959081358 1.262326455 0 0 0.1136228044 0.9935239596
cyl 0.03 0.06 0.7895984905 0.2133915974 1.362326455 0 0 0.1136228044 0.9935239596
cyl 0.05 0.175 1.226400102 0.3442682651 1.412326455 0 0 0.1242582073 0.9922499171
end
problem table_under_pick 72
start -1.074418814 -0.889240728 1.956375626 -1.069317787 1.368269335 -3.13893698
goal 2.411628903 -2.056010748 -0.9947355526 3.052925237 -1.426364792 3.13953152
box 0.125 0.125 0.125 0.3978204512 0.7588097359 1.345599837 0 0 0.6927712494 0.7211574003
box 0.1 0.01 0.2 0.8643792802 0.5267707091 1.395599837 0 0 -0.1527740483 0.9882611447
box 0.01 0.1 0.2 0.2315864684 0.6004541111 1.395599837 0 0 -0.2642930662 0.9644424167
box 0.1 0.025 0.175 0.649518779 0.2609668148 1.395599837 0 0 0.2894035712 0.9572071735
box 0.1 0.025 0.175 0.666672238 0.9261960039 1.395599837 0 0 -0.3588280508 0.9334036801
box 0.025 0.025 0.35 0.5966745626 1.627908925 0.8455998375 0 0 0.3413217567 0.9399465189
box 0.025 0.025 0.35 -0.09362446253 1.050425371 0.8455998375 0 0 0.3413217567 0.9399465189
box 0.025 0.025 0.35 1.687476832 0.3240107665 0.8455998375 0 0 0.3413217567 0.9399465189
box 0.025 0.025 0.35 0.9971778073 -0.2534727881 0.8455998375 0 0 0.3413217567 0.9399465189
box 0.6 1 0.02 0.796926185 0.6872180685 1.195599837 0 0 0.3413217567 0.9399465189
cyl 0.03 0.06 0.6909737261 0.5468645375 1.295599837 0 0 0.3413217567 0.9399465189
cyl 0.05 0.175 1.077170905 0.8736274062 1.345599837 0 0 0.8006393533 0.5991465813
end
problem table_under_pick 79
start 0.3634157403 -0.9352414252 2.032142909 -1.096481566 1.306428407 -3.139657403
goal -2.312039465 -1.955160385 -1.125440683 3.081781075 -1.368370548 -3.139424758
box 0.125 0.125 0.125 -0.6875128917 0.375171384 1.351872579 0 0 0.7980630155 0.6025739982
box 0.1 0.01 0.2 -0.4445868809 0.9049141973 1.401872579 0 0 0.8512507559 0.5247591358
box 0.01 0.1 0.2 -0.5749055527 0.4397324615 1.401872579 0 0 0.7771409587 0.6293265689
box 0.1 0.025 0.175 -0.2049631941 0.5309422704 1.401872579 0 0 0.9363277654 0.3511272073
box 0.1 0.025 0.175 -0.712679209 0.824401032 1.401872579 0 0 0.9770010541 0.2132344724
box 0.025 0.025 0.35 -1.548194163 0.7052730568 0.8518725789 0 0 0.8900517849 0.4558594304
box 0.025 0.025 0.35 -1.02224824 -0.02505624259 0.8518725789 0 0 0.8900517849 0.4558594304
box 0.025 0.025 0.35 -0.1686832644 1.698726468 0.8518725789 0 0 0.8900517849 0.4558594304
box 0.025 0.025 0.35 0.3572626591 0.9683971684 0.8518725789 0 0 0.8900517849 0.4558594304
box 0.6 1 0.02 -0.5954657521 0.8368351126 1.201872579 0 0 0.8900517849 0.4558594304
cyl 0.03 0.06 -0.4974551351 0.6817565178 1.301872579 0 0 0.8900517849 0.4558594304
cyl 0.05 0.175 -0.7175137664 1.031351671 1.351872579 0 0 0.7502272171 0.6611800986
end
problem table_under_pick 83
start -1.162517721 -0.8772847127 1.717495031 -0.8384384134 1.316359089 -3.139849162
goal 2.338298192 -2.286347214 -0.4934987357 2.779468121 -1.467989156 -3.13991863
box 0.125 0.125 0.125 0.3676307248 0.7978553419 1.393445186 0 0 0.7942296654 0.6076176748
box 0.1 0.01 0.2 0.9613532455 0.5691324007 1.443445186 0 0 0.6887276636 0.7250201414
box 0.01 0.1 0.2 0.5273209402 0.5652718313 1.443445186 0 0 0.775617623 0.6312030599
box 0.1 0.025 0.175 0.735523418 0.361723343 1.443445186 0 0 0.15010752 0.9886696781
box 0.1 0.025 0.175 0.761447709 0.7993097678 1.443445186 0 0 0.6216279912 0.7833126072
box 0.025 0.025 0.35 0.7349788903 1.61712267 0.8934451859 0 0 0.3261664847 0.9453123422
box 0.025 0.025 0.35 0.02647112665 1.062130103 0.8934451859 0 0 0.3261664847 0.9453123422
box 0.025 0.025 0.35 1.783298183 0.2788302274 0.8934451859 0 0 0.3261664847 0.9453123422
box 0.025 0.025 0.35 1.074790419 -0.2761623391 0.8934451859 0 0 0.3261664847 0.9453123422
box 0.6 1 0.02 0.9048846546 0.6704801654 1.243445186 0 0 0.3261664847 0.9453123422
cyl 0.03 0.06 0.7629400908 0.5433359287 1.343445186 0 0 0.3261664847 0.9453123422
cyl 0.05 0.175 1.192243455 0.9482808681 1.393445186 0 0 -0.219807627 0.9755432369
end
problem table_under_pick 86
start -2.466912058 -2.177228897 -2.004906819 -2.103036973 -1.154520486 -3.138221082
goal -2.610502999 -2.037772921 -0.9605234171 3.000350956 -1.300351544 3.139122067
box 0.125 0.125 0.125 -0.6158557544 0.5183525794 1.369545272 0 0 0.5584952643 0.8295077093
box 0.1 0.01 0.2 -0.1267748249 1.069792119 1.419545272 0 0 0.9759444122 0.2180195046
box 0.01 0.1 0.2 -0.4645975565 0.5532139356 1.419545272 0 0 0.6497825157 0.7601201762
box 0.1 0.025 0.175 -0.01245163303 0.7203243421 1.419545272 0 0 0.8533824775 0.5212852837
box 0.1 0.025 0.175 -0.5895027905 0.8636055246 1.419545272 0 0 0.5890705712 0.8080815937
box 0.025 0.025 0.35 -1.274400885 1.194123033 0.8695452722 0 0 0.7920263442 0.6104869123
box 0.025 0.025 0.35 -1.045250571 0.3237839422 0.8695452722 0 0 0.7920263442 0.6104869123
box 0.025 0.025 0.35 0.3695729544 1.626962515 0.8695452722 0 0 0.7920263442 0.6104869123
box 0.025 0.025 0.35 0.5987232683 0.756623424 0.8695452722 0 0 0.7920263442 0.6104869123
box 0.6 1 0.02 -0.3378388081 0.9753732287 1.219545272 0 0 0.7920263442 0.6104869123
cyl 0.03 0.06 -0.2711640951 0.8282976932 1.319545272 0 0 0.7920263442 0.6104869123
cyl 0.05 0.175 -0.3205981301 1.291638685 1.369545272 0 0 0.9901206693 0.1402179029
end
problem table_under_pick 93
start 1.039501354 -0.9326352007 2.134261504 -1.201645713 1.39608294 -3.139127264
goal -1.740595753 -1.905308044 -1.238084318 3.141187454 -1.382088543 -3.139793405
box 0.125 0.125 0.125 -0.777822807 -0.1509270973 1.334417819 0 0 0.9543242873 -0.2987727476
box 0.1 0.01 0.2 -0.9931137391 0.4521985037 1.384417819 0 0 0.8344614134 0.5510663749
box 0.01 0.1 0.2 -0.6434612184 -0.08535139644 1.384417819 0 0 0.9991868175 -0.0403200161
box 0.1 0.025 0.175 -0.5689405772 0.37145553 1.384417819 0 0 0.9734992915 0.2286900291
box 0.1 0.025 0.175 -0.9417451604 0.2026542387 1.384417819 0 0 0.6645652361 0.7472302503
box 0.025 0.025 0.35 -1.66059319 -0.3273933847 0.8344178188 0 0 0.9839605554 0.1783861692
box 0.025 0.025 0.35 -0.8178721151 -0.6433383021 0.8344178188 0 0 0.9839605554 0.1783861692
box 0.025 0.025 0.35 -1.063808346 1.264413089 0.8344178188 0 0 0.9839605554 0.1783861692
box 0.025 0.025 0.35 -0.2210872713 0.9484681718 0.8344178188 0 0 0.9839605554 0.1783861692
box 0.6 1 0.02 -0.9408402304 0.3105373935 1.184417819 0 0 0.9839605554 0.1783861692
cyl 0.03 0.06 -0.7696665078 0.2969648469 1.284417819 0 0 0.9839605554 0.1783861692
cyl 0.05 0.175 -1.29277619 0.4281504672 1.334417819 0 0 -0.8509396202 0.5252635174
end
problem table_under_pick 96
start -1.79281786 -0.838262948 1.9069012 -1.065531437 1.159245023 3.138510623
goal 1.841210734 -2.05820557 -1.028259281 3.084127984 -1.48851874 3.138878014
box 0.125 0.125 0.125 0.765677304 0.4408872735 1.330848065 0 0 -0.4521736143 0.8919299426
box 0.1 0.01 0.2 1.134545504 -0.1024886763 1.380848065 0 0 -0.5664849279 0.8240721003
box 0.01 0.1 0.2 0.5451025361 0.298857614 1.380848065 0 0 0.353747985 0.9353407738
box 0.1 0.025 0.175 0.6601363336 -0.1927829111 1.380848065 0 0 -0.5099638696 0.8601958217
box 0.1 0.025 0.175 0.9988373035 0.2545718862 1.380848065 0 0 0.5930392545 0.8051735481
box 0.025 0.025 0.35 1.339806282 1.030420814 0.8308480649 0 0 0.09413686839 0.9955592649
box 0.025 0.025 0.35 0.4557574321 0.8617269171 0.8308480649 0 0 0.09413686839 0.9955592649
box 0.025 0.025 0.35 1.658450309 -0.6394492362 0.8308480649 0 0 0.09413686839 0.9955592649
box 0.025 0.025 0.35 0.7744014592 -0.8081431329 0.8308480649 0 0 0.09413686839 0.9955592649
box 0.6 1 0.02 1.057103871 0.1111388404 1.180848065 0 0 0.09413686839 0.9955592649
cyl 0.03 0.06 0.875495125 0.1048957726 1.280848065 0 0 0.09413686839 0.9955592649
cyl 0.05 0.175 1.41853502 0.08650467094 1.330848065 0 0 0.542496412 0.8400581188
end
problem bookshelf_small 2
start 1.57 -1.5707 0 -1.5707 -1.57 3.14
goal -1.617513812 -1.979424553 2.171748927 2.970241576 -0.4758493721 -0.02603643488
box 0.6 0.5 0.02 0.5355041348 0.8180350463 1.278224093 0 0 0.4982057526 0.8670588377
box 0.6 0.5 0.02 0.5355041348 0.8180350463 1.578224093 0 0 0.4982057526 0.8670588377
box 0.6 0.02 0.17 0.9674778355 0.5662440182 1.428224093 0 0 0.4982057526 0.8670588377
box 0.6 0.02 0.17 0.103530434 1.069826074 1.428224093 0 0 0.4982057526 0.8670588377
cyl 0.03 0.07 0.3651866991 0.8015627524 1.358224093 0 0 0.4982057526 0.8670588377
cyl 0.03 0.07 0.3883135949 0.5565868553 1.358224093 0 0 0.4982057526 0.8670588377
cyl 0.03 0.07 0.3653660599 0.3384670568 1.358224093 0 0 0.4982057526 0.8670588377
end
problem bookshelf_small 32
start 1.57 -1.5707 0 -1.5707 -1.57 3.14
goal -0.165246902 -1.5601767 1.701184582 2.988389733 -0.6566422677 0.003001882138
box 0.6 0.5 0.02 -0.737776802 0.8359353839 1.341163578 0 0 0.9149045702 0.4036701964
box 0.6 0.5 0.02 -0.737776802 0.8359353839 1.641163578 0 0 0.9149045702 0.4036701964
box 0.6 0.02 0.17 -0.3684570944 1.172985756 1.491163578 0 0 0.9149045702 0.4036701964
box 0.6 0.02 0.17 -1.107096509 0.4988850113 1.491163578 0 0 0.9149045702 0.4036701964
cyl 0.03 0.07 -0.5400135728 0.8810349811 1.421163578 0 0 0.9149045702 0.4036701964
cyl 0.03 0.07 -0.5949530454 0.5601277366 1.421163578 0 0 0.9149045702 0.4036701964
cyl 0.03 0.07 -0.2361941334 0.6167719516 1.421163578 0 0 0.9149045702 0.4036701964
end
problem bookshelf_small 37
start 1.57 -1.5707 0 -1.5707 -1.57 3.14
goal 1.144409269 -1.487914303 1.581197927 3.041089141 -2.455854526 -0.000288776547
box 0.6 0.5 0.02 -0.3274276484 0.9135843167 1.356975295 0 0 0.792823582 0.6094512022
box 0.6 0.5 0.02 -0.3274276484 0.9135843167 1.656975295 0 0 0.792823582 0.6094512022
box 0.6 0.02 0.17 0.1557596368 1.042153549 1.506975295 0 0 0.792823582 0.6094512022
box 0.6 0.02 0.17 -0.8106149336 0.7850150846 1.506975295 0 0 0.792823582 0.6094512022
cyl 0.03 0.07 -0.7300640485 0.7029689799 1.436975295 0 0 0.792823582 0.6094512022
cyl 0.03 0.07 0.08946279875 0.7140742751 1.436975295 0 0 0.792823582 0.6094512022
cyl 0.03 0.07 -0.5085011482 0.3480055252 1.436975295 0 0 0.792823582 0.6094512022
end
problem bookshelf_small 39
start 1.57 -1.5707 0 -1.5707 -1.57 3.14
goal 1.995994921 -1.653364714 1.828458885 2.957705612 -2.443456138 -0.004891393886
box 0.6 0.5 0.02 -0.8435753251 0.3719513868 1.324857867 0 0 0.9747808387 0.2231643263
box 0.6 0.5 0.02 -0.8435753251 0.3719513868 1.624857867 0 0 0.9747808387 0.2231643263
box 0.6 0.02 0.17 -0.6260390159 0.8221490703 1.474857867 0 0 0.9747808387 0.2231643263
box 0.6 0.02 0.17 -1.061111634 -0.07824629669 1.474857867 0 0 0.9747808387 0.2231643263
cyl 0.03 0.07 -0.9426449689 -0.0629227936 1.404857867 0 0 0.9747808387 0.2231643263
cyl 0.03 0.07 -0.424776498 0.5491276104 1.404857867 0 0 0.9747808387 0.2231643263
cyl 0.03 0.07 -0.5288827879 -0.1260167419 1.404857867 0 0 0.9747808387 0.2231643263
end
problem bookshelf_small 43
start 1.57 -1.5707 0 -1.5707 -1.57 3.14
goal 2.358793949 -1.571044951 -1.221404168 2.802242532 -1.975078118 -3.135129381
box 0.6 0.5 0.02 0.365430086 1.024569738 1.342054013 0 0 0.55743577 0.8302200686
box 0.6 0.5 0.02 0.365430086 1.024569738 1.642054013 0 0 0.55743577 0.8302200686
box 0.6 0.02 0.17 0.8282244492 0.835304376 1.492054013 0 0 0.55743577 0.8302200686
box 0.6 0.02 0.17 -0.0973642772 1.213835101 1.492054013 0 0 0.55743577 0.8302200686
cyl 0.03 0.07 0.5653490305 0.8347711184 1.422054013 0 0 0.55743577 0.8302200686
cyl 0.03 0.07 0.3185269644 0.7196333024 1.422054013 0 0 0.55743577 0.8302200686
cyl 0.03 0.07 0.4483167592 0.4504755026 1.422054013 0 0 0.55743577 0.8302200686
end
